0
0
0
0
0
0
0
0
0
0
0
0
0
0
0
0
0
0
0
0
0
0
0
0
0
0
0
0
0
0
0
0
0.010885192788995584
0.07645574990409006
0.14253829049721212
0.2080976090869495
0.2733591433735855
0.3408429789246507
0.4080449165466105
0.4784628026796878
0.5535025374947012
0.630173243697145
0.7072471747898255
0.7870682993928206
0.8703794392250412
0.9565114939192952
1.0425912744370205
1.1289135872192637
1.214186647819488
1.295608895953324
1.38021052139123
1.466837100751857
1.5525355194240533
1.6458746371736594
1.751370825886887
1.8737310828116394
2.0009318378461702
2.1404960950646315
2.292159643476652
2.452667552337676
2.671506099267445
2.916507149721481
3.1844761458751756
3.664915870621772
