-3.7820477595164457
-3.2934406898967374
-2.926407084778147
-2.6618377065869057
-2.4424835032001524
-2.2577289745220708
-2.091759996609397
-1.9470448384611887
-1.8187726813266392
-1.702419542736252
-1.596127264891811
-1.4985536743117789
-1.4105617893695015
-1.3257625919242784
-1.2424111683151424
-1.1551713112144033
-1.074417415646279
-0.9982377609427472
-0.9242734307842435
-0.852159646106512
-0.7834043107395683
-0.7156750746553051
-0.6468540807621628
-0.5817015306038192
-0.5114186956482669
-0.44243221064508503
-0.37659988023640983
-0.31085937872609476
-0.24783682690717407
-0.18506163469967776
-0.12201103100120207
-0.056300872909161144
0.010885192788995584
0.07645574990409006
0.14253829049721212
0.2080976090869495
0.2733591433735855
0.3408429789246507
0.4080449165466105
0.4784628026796878
0.5535025374947012
0.630173243697145
0.7072471747898255
0.7870682993928206
0.8703794392250412
0.9565114939192952
1.0425912744370205
1.1289135872192637
1.214186647819488
1.295608895953324
1.38021052139123
1.466837100751857
1.5525355194240533
1.6458746371736594
1.751370825886887
1.8737310828116394
2.0009318378461702
2.1404960950646315
2.292159643476652
2.452667552337676
2.671506099267445
2.916507149721481
3.1844761458751756
3.664915870621772
