0
0
0
0
0
0
0
0
0
0
0
0
0
0
0
0
0
0
0
0
0
0
0
0
0
0
0
0
0
0
0
0
0
0
0
0
0
0
0
0
0
0
0
0
0
0
0
0
0
0
0
0
0
0
0
0
0
0
0
0
0
0
0
0
0
0
0
0
0
0
0
0
0
0
0
0
0
0
0
0
0
0
0
0
0
0
0
0
0
0
0
0
0
0
0
0
0
0
0
0
0
0
0
0
0
0
0
0
0
0
0
0
0
0
0
0
0
0
0
0
0
0
0
0
0
0
0
0
0
0
0
0
0
0
0
0
0
0
0
0
0
0
0
0
0
0
0
0
0
0
0
0
0
0
0
0
0
0
0
0
0
0
0
0
0
0
0
0
0
0
0
0
0
0
0
0
0
0
0
0
0
0
0
0
0
0
0
0
0
0
0
0
0
0
0
0
0
0
0
0
0
0
0
0
0
0
0
0
0
0
0
0
0
0
0
0
0
0
0
0
0
0
0
0
0
0
0
0
0
0
0
0
0
0
0
0
0
0
0
0
0
0
0
0
0
0
0
0
0
0
0
0
0
0
0
0
0
0
0
0
0
0
0
0
0
0
0
0
0
0
0
0
0
0
0
0
0
0
0
0
0
0
0
0
0
0
0
0
0
0
0
0
0
0
0
0
0
0
0
0
0
0
0
0
0
0
0
0
0
0
0
0
0
0
0
0
0
0
0
0
0
0
0
0
0
0
0
0
0
0
0
0
0
0
0
0
0
0
0
0
0
0
0
0
0
0
0
0
0
0
0
0
0
0
0
0
0
0
0
0
0
0
0
0
0
0
0
0
0
0
0
0
0
0
0
0
0
0
0
0
0
0
0
0
0
0
0
0
0
0
0
0
0
0
0
0
0
0
0
0
0
0
0
0
0
0
0
0
0
0
0
0
0
0
0
0
0
0
0
0
0
0
0
0
0
0
0
0
0
0
0
0
0
0
0
0
0
0
0
0
0
0
0
0
0
0
0
0
0
0
0
0
0
0
0
0
0
0
0
0
0
0
0
0
0
0
0
0
0
0
0
0
0
0
0
0
0
0
0
0
0
0
0
0
0
0
0
0
0
0
0
0
0
0
0
0
0
0
0
0
0
0
0
0
0
0
0
0
0
0
0
0
0.0064062561094822
0.019218768328445712
0.03203128054741011
0.044843792766373625
0.05765630498533714
0.07046881720430154
0.08328132942326505
0.09609384164222945
0.10890635386119296
0.12171886608015647
0.13453137829912087
0.14734389051808439
0.1601564027370479
0.1729689149560123
0.1857814271749758
0.19859393939393932
0.21140645161290372
0.22421896383186724
0.23703147605083164
0.24984398826979515
0.26265650048875866
0.27546901270772306
0.28828152492668657
0.3010940371456501
0.3139065493646145
0.326719061583578
0.3395315738025415
0.3523440860215059
0.3651565982404694
0.37796911045943293
0.39078162267839733
0.40359413489736085
0.41640664711632525
0.42921915933528876
0.44203167155425227
0.45484418377321667
0.4676566959921802
0.4804692082111437
0.4932817204301081
0.5060942326490716
0.5189067448680351
0.5317192570869995
0.544531769305963
0.5573442815249274
0.5701567937438909
0.5829693059628545
0.5957818181818189
0.6085943304007824
0.6214068426197459
0.6342193548387103
0.6470318670576738
0.6598443792766373
0.6726568914956017
0.6854694037145652
0.6982819159335296
0.7110944281524931
0.7239069403714566
0.736719452590421
0.7495319648093846
0.7623444770283481
0.7751569892473125
0.787969501466276
0.8007820136852395
0.8135945259042039
0.8264070381231674
0.8392195503421309
0.8520320625610953
0.8648445747800588
0.8776570869990232
0.8904695992179867
0.9032821114369503
0.9160946236559147
0.9289071358748782
0.9417196480938417
0.9545321603128061
0.9673446725317696
0.9801571847507331
0.9929696969696975
1.005782209188661
1.0185947214076254
1.031407233626589
1.0442197458455524
1.0570322580645168
1.0698447702834804
1.0826572825024439
1.0954697947214083
1.1082823069403718
1.1210948191593353
1.1339073313782997
1.1467198435972632
1.1595323558162276
1.1723448680351911
1.1851573802541546
1.197969892473119
1.2107824046920825
1.223594916911046
1.2364074291300104
1.249219941348974
1.2620324535679375
1.2748449657869019
1.2876574780058654
1.300469990224829
1.3132825024437933
1.3260950146627568
1.3389075268817212
1.3517200391006847
1.3645325513196482
1.3773450635386126
1.3901575757575761
1.4029700879765397
1.415782600195504
1.4285951124144676
1.441407624633431
1.4542201368523946
1.467032649071359
1.4798451612903234
1.492657673509286
1.5054701857282504
1.5182826979472148
1.5310952101661774
1.5439077223851418
1.5567202346041062
1.5695327468230706
1.5823452590420333
1.5951577712609977
1.607970283479962
1.6207827956989247
1.633595307917889
1.6464078201368535
1.6592203323558161
1.6720328445747805
1.684845356793745
1.6976578690127075
1.710470381231672
1.7232828934506363
1.736095405669599
1.7489079178885634
1.7617204301075278
1.7745329423264904
1.7873454545454548
1.8001579667644192
1.8129704789833818
1.8257829912023462
1.8385955034213106
1.851408015640275
1.8642205278592376
1.877033040078202
1.8898455522971664
1.902658064516129
1.9154705767350935
1.9282830889540579
1.9410956011730205
1.953908113391985
1.9667206256109493
1.979533137829912
1.9923456500488763
2.0051581622678407
2.0179706744868033
2.0307831867057677
2.043595698924732
2.0564082111436948
2.069220723362659
2.0820332355816236
2.094845747800586
2.1076582600195506
2.120470772238515
2.1332832844574776
2.146095796676442
2.1589083088954064
2.171720821114371
2.1845333333333334
2.197345845552298
2.2101583577712622
2.222970869990225
2.2357833822091893
2.2485958944281537
2.2614084066471163
2.2742209188660807
2.287033431085045
2.2998459433040077
2.312658455522972
2.3254709677419365
2.338283479960899
2.3510959921798635
2.363908504398828
2.3767210166177906
2.389533528836755
2.4023460410557194
2.415158553274682
2.4279710654936464
2.440783577712611
2.453596089931575
2.466408602150538
2.479221114369502
2.4920336265884666
2.5048461388074292
2.5176586510263936
2.530471163245358
2.5432836754643207
2.556096187683285
2.5689086999022495
2.581721212121212
2.5945337243401765
2.607346236559141
2.6201587487781035
2.632971260997068
2.6457837732160323
2.658596285434995
2.6714087976539593
2.6842213098729237
2.6970338220918864
2.7098463343108508
2.722658846529815
2.735471358748778
2.748283870967742
2.7610963831867066
2.773908895405671
2.7867214076246336
2.799533919843598
2.8123464320625624
2.825158944281525
2.8379714565004894
2.850783968719454
2.8635964809384165
2.876408993157381
2.8892215053763453
2.902034017595308
2.9148465298142723
2.9276590420332367
2.9404715542521993
2.9532840664711637
2.966096578690128
2.9789090909090907
2.991721603128055
3.0045341153470195
3.017346627565982
3.0301591397849466
3.042971652003911
3.0557841642228736
3.068596676441838
3.0814091886608024
3.094221700879767
3.1070342130987294
3.119846725317694
3.132659237536658
3.145471749755621
3.1582842619745852
3.1710967741935496
3.1839092864125123
3.1967217986314767
3.209534310850441
3.2223468230694037
3.235159335288368
3.2479718475073325
3.260784359726295
3.2735968719452595
3.286409384164224
3.2992218963831865
3.312034408602151
3.3248469208211153
3.337659433040078
3.3504719452590424
3.3632844574780068
3.376096969696971
3.3889094819159338
3.401721994134898
3.4145345063538626
3.427347018572825
3.4401595307917896
3.452972043010754
3.4657845552297166
3.478597067448681
3.4914095796676454
3.504222091886608
3.5170346041055724
3.529847116324537
3.5426596285434995
3.555472140762464
3.5682846529814283
3.581097165200391
3.5939096774193553
3.6067221896383197
3.6195347018572823
3.6323472140762467
3.645159726295211
3.6579722385141737
3.670784750733138
3.6835972629521025
3.696409775171067
3.7092222873900296
3.722034799608994
3.7348473118279584
3.747659824046921
3.7604723362658854
3.77328484848485
3.7860973607038124
3.798909872922777
3.811722385141741
3.824534897360704
3.8373474095796682
3.8501599217986326
3.8629724340175953
3.8757849462365597
3.888597458455524
3.9014099706744867
3.914222482893451
3.9270349951124155
3.939847507331378
3.9526600195503425
3.965472531769307
3.9782850439882713
3.991097556207234
4.003910068426198
4.016722580645163
4.029535092864125
4.04234760508309
4.055160117302054
4.067972629521017
4.080785141739981
4.093597653958946
4.106410166177908
4.119222678396873
4.132035190615837
4.1448477028348
4.157660215053764
4.170472727272728
4.183285239491691
4.1960977517106555
4.20891026392962
4.2217227761485825
4.234535288367547
4.247347800586511
4.260160312805474
4.272972825024438
4.285785337243403
4.298597849462367
4.31141036168133
4.324222873900294
4.3370353861192585
4.349847898338221
4.362660410557186
4.37547292277615
4.388285434995113
4.401097947214077
4.413910459433041
4.426722971652004
4.439535483870968
4.452347996089933
4.465160508308895
4.47797302052786
4.490785532746824
4.503598044965787
4.516410557184751
4.529223069403716
4.542035581622678
4.554848093841643
4.567660606060607
4.58047311827957
4.593285630498534
4.6060981427174985
4.618910654936463
4.6317231671554255
4.64453567937439
4.657348191593354
4.670160703812317
4.682973216031281
4.695785728250246
4.708598240469208
4.721410752688173
4.734223264907137
4.7470357771261
4.759848289345064
4.772660801564029
4.785473313782991
4.798285826001956
4.81109833822092
4.823910850439883
4.836723362658847
4.8495358748778115
4.862348387096774
4.8751608993157385
4.887973411534703
4.900785923753667
4.91359843597263
4.926410948191594
4.939223460410559
4.952035972629521
4.964848484848486
4.97766099706745
4.990473509286413
5.003286021505377
5.016098533724342
5.028911045943304
5.041723558162269
5.054536070381233
5.067348582600196
5.08016109481916
5.092973607038124
5.105786119257087
5.118598631476051
5.131411143695016
5.1442236559139785
5.157036168132943
5.169848680351907
5.18266119257087
5.195473704789834
5.208286217008799
5.221098729227763
5.233911241446726
5.24672375366569
5.2595362658846545
5.272348778103617
5.2851612903225815
5.297973802541546
5.3107863147605086
5.323598826979473
5.336411339198437
5.3492238514174
5.362036363636364
5.374848875855329
5.387661388074291
5.400473900293256
5.41328641251222
5.426098924731183
5.438911436950147
5.451723949169112
5.464536461388074
5.477348973607039
5.490161485826003
5.5029739980449675
5.51578651026393
5.5285990224828945
5.541411534701859
5.5542240469208215
5.567036559139786
5.57984907135875
5.592661583577713
5.605474095796677
5.618286608015642
5.631099120234604
5.643911632453569
5.656724144672533
5.669536656891496
5.68234916911046
5.695161681329425
5.707974193548387
5.720786705767352
5.733599217986316
5.746411730205279
5.759224242424243
5.772036754643207
5.78484926686217
5.7976617790811344
5.810474291300099
5.823286803519063
5.836099315738026
5.84891182795699
5.861724340175955
5.874536852394917
5.887349364613882
5.900161876832846
5.912974389051809
5.925786901270773
5.9385994134897375
5.9514119257087
5.9642244379276645
5.977036950146629
5.989849462365592
6.002661974584556
6.01547448680352
6.028286999022483
6.041099511241447
6.053912023460412
6.066724535679374
6.079537047898339
6.092349560117303
6.105162072336266
6.11797458455523
6.130787096774195
6.143599608993159
6.156412121212122
6.169224633431086
6.1820371456500505
6.194849657869013
6.2076621700879775
6.220474682306942
6.2332871945259045
6.246099706744869
6.258912218963833
6.271724731182796
6.28453724340176
6.297349755620725
6.310162267839687
6.322974780058652
6.335787292277616
6.348599804496579
6.361412316715543
6.374224828934508
6.38703734115347
6.399849853372435
6.412662365591399
6.425474877810363
6.438287390029326
6.45109990224829
6.463912414467255
6.4767249266862175
6.489537438905182
6.502349951124146
6.515162463343109
6.527974975562073
6.540787487781038
6.5536
