0
0
0
0
0
0
0
0
0
0
0
0
0
0
0
0
0
0
0
0
0
0
0
0
0
0
0
0
0
0
0
0
0
0
0
0
0
0
0
0
0
0
0
0
0
0
0
0
0
0
0
0
0
0
0
0
0
0
0
0
0
0
0
0
0
0
0
0
0
0
0
0
0
0
0
0
0
0
0
0
0
0
0
0
0
0
0
0
0
0
0
0
0
0
0
0
0
0
0
0
0
0
0
0
0
0
0
0
0
0
0
0
0
0
0
0
0
0
0
0
0
0
0
0
0
0
0
0
0.02570039215686304
0.07710117647058823
0.1285019607843143
0.1799027450980395
0.23130352941176469
0.28270431372549076
0.33410509803921595
0.38550588235294114
0.4369066666666672
0.4883074509803924
0.5397082352941176
0.5911090196078437
0.6425098039215689
0.6939105882352941
0.7453113725490201
0.7967121568627453
0.8481129411764714
0.8995137254901966
0.9509145098039218
1.0023152941176479
1.053716078431373
1.1051168627450982
1.1565176470588243
1.2079184313725495
1.2593192156862747
1.3107200000000008
1.362120784313726
1.4135215686274512
1.4649223529411772
1.5163231372549015
1.5677239215686276
1.6191247058823537
1.6705254901960798
1.721926274509804
1.7733270588235301
1.8247278431372562
1.8761286274509805
1.9275294117647066
1.9789301960784327
2.030330980392157
2.081731764705883
2.133132549019609
2.1845333333333334
2.2359341176470595
2.2873349019607856
2.33873568627451
2.390136470588236
2.441537254901962
2.4929380392156864
2.5443388235294124
2.5957396078431385
2.647140392156863
2.698541176470589
2.749941960784315
2.8013427450980393
2.8527435294117653
2.9041443137254914
2.9555450980392157
3.006945882352942
3.058346666666668
3.109747450980392
3.1611482352941183
3.2125490196078443
3.2639498039215686
3.3153505882352947
3.366751372549021
3.418152156862745
3.469552941176471
3.5209537254901973
3.5723545098039216
3.6237552941176476
3.6751560784313737
3.726556862745098
3.777957647058824
3.82935843137255
3.8807592156862745
3.9321600000000005
3.9835607843137266
4.034961568627451
4.086362352941177
4.137763137254903
4.189163921568627
4.2405647058823535
4.2919654901960795
4.343366274509804
4.39476705882353
4.446167843137256
4.49756862745098
4.548969411764706
4.6003701960784324
4.651770980392157
4.703171764705883
4.754572549019609
4.805973333333333
4.857374117647059
4.908774901960785
4.96017568627451
5.011576470588236
5.062977254901962
5.114378039215688
5.165778823529412
5.217179607843138
5.268580392156864
5.319981176470589
5.371381960784315
5.422782745098041
5.474183529411765
5.525584313725491
5.576985098039217
5.628385882352942
5.679786666666668
5.731187450980394
5.782588235294118
5.833989019607844
5.88538980392157
5.9367905882352945
5.988191372549021
6.039592156862747
6.090992941176471
6.142393725490197
6.193794509803923
6.245195294117647
6.2965960784313735
6.3479968627450996
6.399397647058824
6.45079843137255
6.502199215686276
6.5536
