0
0
0
0
0
0
0
0
0
0
0
0
0
0
0
0
0
0
0
0
0
0
0
0
0
0
0
0
0
0
0
0
0
0
0
0
0
0
0
0
0
0
0
0
0
0
0
0
0
0
0
0
0
0
0
0
0
0
0
0
0
0
0
0
0
0
0
0
0
0
0
0
0
0
0
0
0
0
0
0
0
0
0
0
0
0
0
0
0
0
0
0
0
0
0
0
0
0
0
0
0
0
0
0
0
0
0
0
0
0
0
0
0
0
0
0
0
0
0
0
0
0
0
0
0
0
0
0
0.010903012431736104
0.023751821003208627
0.03750654440960222
0.05192940380368452
0.06759189867306983
0.08474567736112038
0.10167341149288633
0.11843831073192802
0.13505176650640746
0.15066620854489055
0.16555608571778951
0.17896808159567057
0.1919423444161818
0.20595325523262256
0.22079625109553394
0.23697408108109377
0.25353435596699103
0.2709632032075276
0.287668823686593
0.30341198223803
0.31828332536930065
0.333093513730103
0.3488987800112122
0.3661729844101826
0.3851195753628999
0.405601543341041
0.4274257577024492
0.4469488863491052
0.4626808589955165
0.4776545880579283
0.4925901739493666
0.5077400770736548
0.5230025186545928
0.5381210443567295
0.553762079511457
0.5697792184460974
0.5862713598586978
0.6032651922618383
0.619976478108138
0.6362956596519216
0.6517484850984103
0.6669681139617657
0.6823586876015473
0.6981192984058154
0.7140821183752132
0.7307549064969838
0.7473899848070484
0.7635957996736275
0.7799232619103859
0.7960305397350842
0.8127582082800109
0.8319811437213647
0.8511610993419586
0.8702735463304346
0.8899233066017209
0.9094745599742683
0.9310047622071325
0.9526409623925792
0.9765495064521394
0.9990338437017281
1.0220823839593431
1.0466681695618227
1.0721966226922572
1.0980930609277524
1.1216151497545486
1.145243200065803
1.1681102683755957
1.1907882017077391
1.2138213013113672
1.2365566392963363
1.258851938523739
1.277721092355045
1.2946926185078378
1.314044595018266
1.334885200832586
1.356618080758535
1.3804886202400597
1.403765133420503
1.4288173783584615
1.4539920979434244
1.4782085010817474
1.5006468130173003
1.5201011805806095
1.5406354969290494
1.5608065498751196
1.5793036790568606
1.6009376731817577
1.625066407895012
1.6531094016242365
1.6868057525596718
1.7233896324644928
1.7599121679453142
1.7943662758011532
1.8265161602781086
1.8593903194479142
1.89165496818509
1.9211396436840755
1.9471014458496791
1.9747249223568932
2.0008436393292155
2.031291028048804
2.059732610028353
2.088184151569847
2.1175266358298104
2.1481300580718137
2.1815107932060096
2.2185107747771484
2.2631824395842655
2.3081710416553185
2.351351435154902
2.4036083453320223
2.4588265325649994
2.5137785509906174
2.5692238815427775
2.6196099650487805
2.6779548689964057
2.731137131396107
2.7902945244774906
2.863483804680559
2.931010972820362
3.013591128122164
3.092003975387114
3.161095777919784
3.300894894942391
3.405431479555878
3.550714952205314
3.806460702372288
4.146103301793556
