-6.5536
-6.550399218559219
-6.547198437118437
-6.543997655677656
-6.540796874236874
-6.537596092796093
-6.534395311355311
-6.53119452991453
-6.527993748473749
-6.524792967032967
-6.521592185592186
-6.518391404151404
-6.515190622710623
-6.511989841269841
-6.50878905982906
-6.505588278388279
-6.502387496947497
-6.499186715506716
-6.495985934065934
-6.492785152625153
-6.489584371184372
-6.48638358974359
-6.483182808302809
-6.479982026862027
-6.476781245421246
-6.473580463980464
-6.470379682539683
-6.467178901098902
-6.46397811965812
-6.460777338217339
-6.457576556776557
-6.454375775335776
-6.451174993894994
-6.447974212454213
-6.444773431013432
-6.44157264957265
-6.438371868131869
-6.435171086691087
-6.431970305250306
-6.428769523809524
-6.425568742368743
-6.422367960927962
-6.41916717948718
-6.415966398046399
-6.412765616605617
-6.4095648351648356
-6.406364053724054
-6.4031632722832725
-6.3999624908424915
-6.3967617094017095
-6.3935609279609285
-6.3903601465201465
-6.387159365079365
-6.383958583638584
-6.380757802197802
-6.377557020757021
-6.374356239316239
-6.371155457875458
-6.367954676434676
-6.364753894993895
-6.361553113553114
-6.358352332112332
-6.355151550671551
-6.351950769230769
-6.348749987789988
-6.345549206349206
-6.342348424908425
-6.339147643467644
-6.335946862026862
-6.332746080586081
-6.329545299145299
-6.326344517704518
-6.323143736263736
-6.319942954822955
-6.316742173382174
-6.313541391941392
-6.310340610500611
-6.307139829059829
-6.303939047619048
-6.300738266178266
-6.297537484737485
-6.294336703296704
-6.291135921855922
-6.287935140415141
-6.284734358974359
-6.281533577533578
-6.278332796092796
-6.275132014652015
-6.271931233211234
-6.268730451770452
-6.265529670329671
-6.262328888888889
-6.259128107448108
-6.255927326007327
-6.252726544566545
-6.249525763125764
-6.246324981684982
-6.243124200244201
-6.239923418803419
-6.236722637362638
-6.233521855921857
-6.230321074481075
-6.227120293040294
-6.223919511599512
-6.220718730158731
-6.217517948717949
-6.2143171672771675
-6.2111163858363865
-6.2079156043956045
-6.2047148229548235
-6.2015140415140415
-6.1983132600732604
-6.195112478632479
-6.191911697191697
-6.188710915750916
-6.185510134310134
-6.182309352869353
-6.179108571428571
-6.17590778998779
-6.172707008547009
-6.169506227106227
-6.166305445665446
-6.163104664224664
-6.159903882783883
-6.156703101343101
-6.15350231990232
-6.150301538461539
-6.147100757020757
-6.143899975579976
-6.140699194139194
-6.137498412698413
-6.134297631257631
-6.13109684981685
-6.127896068376069
-6.124695286935287
-6.121494505494506
-6.118293724053724
-6.115092942612943
-6.111892161172161
-6.10869137973138
-6.105490598290599
-6.102289816849817
-6.099089035409036
-6.095888253968254
-6.092687472527473
-6.089486691086691
-6.08628590964591
-6.083085128205129
-6.079884346764347
-6.076683565323566
-6.073482783882784
-6.070282002442003
-6.067081221001221
-6.06388043956044
-6.060679658119659
-6.057478876678877
-6.054278095238096
-6.051077313797314
-6.047876532356533
-6.044675750915751
-6.04147496947497
-6.038274188034189
-6.035073406593407
-6.031872625152626
-6.028671843711844
-6.0254710622710626
-6.0222702808302815
-6.0190694993894995
-6.0158687179487185
-6.0126679365079365
-6.0094671550671555
-6.006266373626374
-6.003065592185592
-5.999864810744811
-5.996664029304029
-5.993463247863248
-5.990262466422466
-5.987061684981685
-5.983860903540904
-5.980660122100122
-5.977459340659341
-5.974258559218559
-5.971057777777778
-5.967856996336996
-5.964656214896215
-5.961455433455434
-5.958254652014652
-5.955053870573871
-5.951853089133089
-5.948652307692308
-5.945451526251526
-5.942250744810745
-5.939049963369964
-5.935849181929182
-5.932648400488401
-5.929447619047619
-5.926246837606838
-5.923046056166056
-5.919845274725275
-5.916644493284494
-5.913443711843712
-5.910242930402931
-5.907042148962149
-5.903841367521368
-5.900640586080586
-5.897439804639805
-5.894239023199024
-5.891038241758242
-5.887837460317461
-5.884636678876679
-5.881435897435898
-5.878235115995116
-5.875034334554335
-5.871833553113554
-5.868632771672772
-5.865431990231991
-5.862231208791209
-5.859030427350428
-5.855829645909646
-5.852628864468865
-5.849428083028084
-5.846227301587302
-5.843026520146521
-5.839825738705739
-5.836624957264958
-5.833424175824176
-5.8302233943833945
-5.8270226129426135
-5.8238218315018315
-5.8206210500610505
-5.8174202686202685
-5.8142194871794874
-5.8110187057387055
-5.807817924297924
-5.804617142857143
-5.801416361416361
-5.79821557997558
-5.795014798534798
-5.791814017094017
-5.788613235653236
-5.785412454212454
-5.782211672771673
-5.779010891330891
-5.77581010989011
-5.772609328449329
-5.769408547008547
-5.766207765567766
-5.763006984126984
-5.759806202686203
-5.756605421245421
-5.75340463980464
-5.750203858363859
-5.747003076923077
-5.743802295482296
-5.740601514041514
-5.737400732600733
-5.734199951159951
-5.73099916971917
-5.727798388278389
-5.724597606837607
-5.721396825396826
-5.718196043956044
-5.714995262515263
-5.711794481074481
-5.7085936996337
-5.705392918192919
-5.702192136752137
-5.698991355311356
-5.695790573870574
-5.692589792429793
-5.689389010989011
-5.68618822954823
-5.682987448107449
-5.679786666666667
-5.676585885225886
-5.673385103785104
-5.670184322344323
-5.666983540903541
-5.66378275946276
-5.660581978021979
-5.657381196581197
-5.654180415140416
-5.650979633699634
-5.647778852258853
-5.644578070818071
-5.6413772893772896
-5.6381765079365085
-5.6349757264957265
-5.6317749450549455
-5.6285741636141635
-5.6253733821733825
-5.6221726007326005
-5.618971819291819
-5.615771037851038
-5.612570256410256
-5.609369474969475
-5.606168693528693
-5.602967912087912
-5.59976713064713
-5.596566349206349
-5.593365567765568
-5.590164786324786
-5.586964004884005
-5.583763223443223
-5.580562442002442
-5.577361660561661
-5.574160879120879
-5.570960097680098
-5.567759316239316
-5.564558534798535
-5.561357753357754
-5.558156971916972
-5.554956190476191
-5.551755409035409
-5.548554627594628
-5.545353846153846
-5.542153064713065
-5.538952283272284
-5.535751501831502
-5.532550720390721
-5.529349938949939
-5.526149157509158
-5.522948376068376
-5.519747594627595
-5.516546813186814
-5.513346031746032
-5.510145250305251
-5.506944468864469
-5.503743687423688
-5.500542905982906
-5.497342124542125
-5.494141343101344
-5.490940561660562
-5.487739780219781
-5.484538998778999
-5.481338217338218
-5.478137435897436
-5.474936654456655
-5.471735873015874
-5.468535091575092
-5.465334310134311
-5.462133528693529
-5.458932747252748
-5.455731965811966
-5.452531184371185
-5.4493304029304035
-5.4461296214896215
-5.4429288400488405
-5.4397280586080585
-5.4365272771672775
-5.4333264957264955
-5.4301257142857144
-5.426924932844933
-5.423724151404151
-5.42052336996337
-5.417322588522588
-5.414121807081807
-5.410921025641025
-5.407720244200244
-5.404519462759463
-5.401318681318681
-5.3981178998779
-5.394917118437119
-5.391716336996337
-5.388515555555555
-5.385314774114774
-5.382113992673993
-5.378913211233211
-5.37571242979243
-5.372511648351649
-5.369310866910867
-5.366110085470085
-5.362909304029304
-5.359708522588523
-5.356507741147741
-5.35330695970696
-5.350106178266179
-5.346905396825397
-5.343704615384615
-5.340503833943834
-5.337303052503053
-5.334102271062271
-5.33090148962149
-5.327700708180709
-5.324499926739927
-5.321299145299146
-5.318098363858364
-5.314897582417583
-5.311696800976801
-5.30849601953602
-5.305295238095239
-5.302094456654457
-5.298893675213676
-5.295692893772894
-5.292492112332113
-5.289291330891331
-5.28609054945055
-5.282889768009769
-5.279688986568987
-5.276488205128206
-5.273287423687424
-5.270086642246643
-5.266885860805861
-5.26368507936508
-5.2604842979242985
-5.2572835164835166
-5.2540827350427355
-5.2508819536019535
-5.2476811721611725
-5.2444803907203905
-5.2412796092796095
-5.238078827838828
-5.234878046398046
-5.231677264957265
-5.228476483516483
-5.225275702075702
-5.22207492063492
-5.218874139194139
-5.215673357753358
-5.212472576312576
-5.209271794871795
-5.206071013431013
-5.202870231990232
-5.19966945054945
-5.196468669108669
-5.193267887667888
-5.190067106227106
-5.186866324786325
-5.183665543345544
-5.180464761904762
-5.17726398046398
-5.174063199023199
-5.170862417582418
-5.167661636141636
-5.164460854700855
-5.161260073260074
-5.158059291819292
-5.15485851037851
-5.151657728937729
-5.148456947496948
-5.145256166056166
-5.142055384615385
-5.138854603174604
-5.135653821733822
-5.13245304029304
-5.129252258852259
-5.126051477411478
-5.122850695970696
-5.119649914529915
-5.116449133089134
-5.113248351648352
-5.110047570207571
-5.106846788766789
-5.103646007326008
-5.100445225885226
-5.097244444444445
-5.094043663003664
-5.090842881562882
-5.087642100122101
-5.084441318681319
-5.081240537240538
-5.078039755799756
-5.074838974358975
-5.0716381929181935
-5.068437411477412
-5.0652366300366305
-5.0620358485958485
-5.0588350671550675
-5.0556342857142855
-5.0524335042735045
-5.049232722832723
-5.0460319413919414
-5.04283115995116
-5.039630378510378
-5.036429597069597
-5.033228815628815
-5.030028034188034
-5.026827252747253
-5.023626471306471
-5.02042568986569
-5.017224908424908
-5.014024126984127
-5.010823345543345
-5.007622564102564
-5.004421782661783
-5.001221001221001
-4.99802021978022
-4.994819438339438
-4.991618656898657
-4.988417875457875
-4.985217094017094
-4.982016312576313
-4.978815531135531
-4.97561474969475
-4.972413968253969
-4.969213186813187
-4.966012405372405
-4.962811623931624
-4.959610842490843
-4.956410061050061
-4.95320927960928
-4.950008498168499
-4.946807716727717
-4.943606935286935
-4.940406153846154
-4.937205372405373
-4.934004590964591
-4.93080380952381
-4.927603028083029
-4.924402246642247
-4.921201465201465
-4.918000683760684
-4.914799902319903
-4.911599120879121
-4.90839833943834
-4.905197557997559
-4.901996776556777
-4.898795995115996
-4.895595213675214
-4.892394432234433
-4.889193650793651
-4.88599286935287
-4.8827920879120885
-4.879591306471307
-4.8763905250305255
-4.8731897435897435
-4.8699889621489625
-4.8667881807081805
-4.8635873992673995
-4.860386617826618
-4.8571858363858365
-4.853985054945055
-4.850784273504273
-4.847583492063492
-4.84438271062271
-4.841181929181929
-4.837981147741148
-4.834780366300366
-4.831579584859585
-4.828378803418803
-4.825178021978022
-4.82197724053724
-4.818776459096459
-4.815575677655678
-4.812374896214896
-4.809174114774115
-4.805973333333333
-4.802772551892552
-4.79957177045177
-4.796370989010989
-4.793170207570208
-4.789969426129426
-4.786768644688645
-4.783567863247863
-4.780367081807082
-4.7771663003663
-4.773965518925519
-4.770764737484738
-4.767563956043956
-4.764363174603175
-4.761162393162394
-4.757961611721612
-4.75476083028083
-4.751560048840049
-4.748359267399268
-4.745158485958486
-4.741957704517705
-4.738756923076924
-4.735556141636142
-4.73235536019536
-4.729154578754579
-4.725953797313798
-4.722753015873016
-4.719552234432235
-4.716351452991454
-4.713150671550672
-4.70994989010989
-4.706749108669109
-4.703548327228328
-4.700347545787546
-4.697146764346765
-4.6939459829059835
-4.690745201465202
-4.68754442002442
-4.684343638583639
-4.6811428571428575
-4.6779420757020755
-4.6747412942612945
-4.671540512820513
-4.6683397313797315
-4.66513894993895
-4.6619381684981684
-4.658737387057387
-4.655536605616605
-4.652335824175824
-4.649135042735043
-4.645934261294261
-4.64273347985348
-4.639532698412698
-4.636331916971917
-4.633131135531135
-4.629930354090354
-4.626729572649573
-4.623528791208791
-4.62032800976801
-4.617127228327228
-4.613926446886447
-4.610725665445665
-4.607524884004884
-4.604324102564103
-4.601123321123321
-4.59792253968254
-4.594721758241758
-4.591520976800977
-4.588320195360195
-4.585119413919414
-4.581918632478633
-4.578717851037851
-4.57551706959707
-4.572316288156288
-4.569115506715507
-4.565914725274725
-4.562713943833944
-4.559513162393163
-4.556312380952381
-4.5531115995116
-4.549910818070819
-4.546710036630037
-4.543509255189255
-4.540308473748474
-4.537107692307693
-4.533906910866911
-4.53070612942613
-4.527505347985349
-4.524304566544567
-4.521103785103785
-4.517903003663004
-4.514702222222223
-4.511501440781441
-4.50830065934066
-4.5050998778998785
-4.501899096459097
-4.498698315018315
-4.495497533577534
-4.4922967521367525
-4.4890959706959705
-4.4858951892551895
-4.482694407814408
-4.4794936263736265
-4.4762928449328445
-4.4730920634920635
-4.469891282051282
-4.4666905006105
-4.463489719169719
-4.460288937728938
-4.457088156288156
-4.453887374847374
-4.450686593406593
-4.447485811965812
-4.44428503052503
-4.441084249084249
-4.437883467643468
-4.434682686202686
-4.431481904761904
-4.428281123321124
-4.425080341880342
-4.42187956043956
-4.418678778998779
-4.415477997557998
-4.412277216117216
-4.409076434676434
-4.405875653235654
-4.402674871794872
-4.39947409035409
-4.396273308913309
-4.393072527472528
-4.389871746031746
-4.386670964590964
-4.383470183150184
-4.380269401709402
-4.37706862026862
-4.373867838827839
-4.370667057387058
-4.367466275946276
-4.364265494505495
-4.361064713064714
-4.357863931623932
-4.35466315018315
-4.351462368742369
-4.348261587301588
-4.345060805860806
-4.341860024420025
-4.338659242979244
-4.335458461538462
-4.33225768009768
-4.329056898656899
-4.325856117216118
-4.322655335775336
-4.319454554334555
-4.3162537728937735
-4.313052991452992
-4.30985221001221
-4.306651428571429
-4.3034506471306475
-4.300249865689866
-4.2970490842490845
-4.293848302808303
-4.2906475213675215
-4.2874467399267395
-4.2842459584859585
-4.281045177045177
-4.2778443956043954
-4.274643614163614
-4.271442832722833
-4.268242051282051
-4.265041269841269
-4.261840488400488
-4.258639706959707
-4.255438925518925
-4.252238144078144
-4.249037362637363
-4.245836581196581
-4.242635799755799
-4.239435018315018
-4.236234236874237
-4.233033455433455
-4.229832673992674
-4.226631892551893
-4.223431111111111
-4.220230329670329
-4.217029548229548
-4.213828766788767
-4.210627985347985
-4.207427203907204
-4.204226422466423
-4.201025641025641
-4.197824859584859
-4.194624078144079
-4.191423296703297
-4.188222515262515
-4.185021733821734
-4.181820952380953
-4.178620170940171
-4.175419389499389
-4.172218608058609
-4.169017826617827
-4.165817045177045
-4.162616263736264
-4.159415482295483
-4.156214700854701
-4.15301391941392
-4.149813137973139
-4.146612356532357
-4.143411575091575
-4.140210793650794
-4.137010012210013
-4.133809230769231
-4.13060844932845
-4.1274076678876686
-4.124206886446887
-4.121006105006105
-4.117805323565324
-4.1146045421245425
-4.111403760683761
-4.1082029792429795
-4.105002197802198
-4.1018014163614165
-4.0986006349206345
-4.0953998534798535
-4.092199072039072
-4.0889982905982905
-4.085797509157509
-4.082596727716728
-4.079395946275946
-4.076195164835164
-4.072994383394383
-4.069793601953602
-4.06659282051282
-4.063392039072039
-4.060191257631258
-4.056990476190476
-4.053789694749694
-4.050588913308913
-4.047388131868132
-4.04418735042735
-4.040986568986569
-4.037785787545788
-4.034585006105006
-4.031384224664224
-4.028183443223443
-4.024982661782662
-4.02178188034188
-4.018581098901099
-4.015380317460318
-4.012179536019536
-4.008978754578754
-4.005777973137973
-4.002577191697192
-3.9993764102564104
-3.996175628815629
-3.9929748473748474
-3.989774065934066
-3.9865732844932844
-3.9833725030525033
-3.980171721611722
-3.9769709401709403
-3.973770158730159
-3.9705693772893773
-3.967368595848596
-3.9641678144078143
-3.9609670329670332
-3.9577662515262517
-3.95456547008547
-3.9513646886446887
-3.948163907203907
-3.9449631257631257
-3.9417623443223446
-3.938561562881563
-3.9353607814407816
-3.93216
-3.9289592185592186
-3.925758437118437
-3.9225576556776556
-3.9193568742368745
-3.916156092796093
-3.9129553113553115
-3.90975452991453
-3.9065537484737485
-3.903352967032967
-3.9001521855921855
-3.8969514041514044
-3.893750622710623
-3.8905498412698414
-3.88734905982906
-3.8841482783882784
-3.880947496947497
-3.877746715506716
-3.8745459340659343
-3.8713451526251528
-3.8681443711843713
-3.8649435897435898
-3.8617428083028082
-3.8585420268620267
-3.8553412454212457
-3.852140463980464
-3.8489396825396827
-3.845738901098901
-3.8425381196581196
-3.839337338217338
-3.836136556776557
-3.8329357753357756
-3.829734993894994
-3.8265342124542125
-3.823333431013431
-3.8201326495726495
-3.816931868131868
-3.813731086691087
-3.8105303052503054
-3.807329523809524
-3.8041287423687424
-3.800927960927961
-3.7977271794871794
-3.794526398046398
-3.791325616605617
-3.7881248351648353
-3.784924053724054
-3.7817232722832723
-3.778522490842491
-3.7753217094017093
-3.7721209279609282
-3.7689201465201467
-3.765719365079365
-3.7625185836385837
-3.759317802197802
-3.7561170207570207
-3.752916239316239
-3.749715457875458
-3.7465146764346766
-3.743313894993895
-3.7401131135531136
-3.736912332112332
-3.7337115506715506
-3.7305107692307695
-3.727309987789988
-3.7241092063492065
-3.720908424908425
-3.7177076434676435
-3.714506862026862
-3.7113060805860805
-3.7081052991452994
-3.704904517704518
-3.7017037362637364
-3.698502954822955
-3.6953021733821734
-3.692101391941392
-3.6889006105006104
-3.6856998290598293
-3.682499047619048
-3.6792982661782663
-3.6760974847374848
-3.6728967032967033
-3.6696959218559217
-3.6664951404151407
-3.663294358974359
-3.6600935775335777
-3.656892796092796
-3.6536920146520147
-3.650491233211233
-3.6472904517704516
-3.6440896703296706
-3.640888888888889
-3.6376881074481076
-3.634487326007326
-3.6312865445665445
-3.628085763125763
-3.624884981684982
-3.6216842002442005
-3.618483418803419
-3.6152826373626374
-3.612081855921856
-3.6088810744810744
-3.605680293040293
-3.602479511599512
-3.5992787301587303
-3.596077948717949
-3.5928771672771673
-3.589676385836386
-3.5864756043956043
-3.583274822954823
-3.5800740415140417
-3.5768732600732602
-3.5736724786324787
-3.570471697191697
-3.5672709157509157
-3.564070134310134
-3.560869352869353
-3.5576685714285716
-3.55446778998779
-3.5512670085470086
-3.548066227106227
-3.5448654456654456
-3.541664664224664
-3.538463882783883
-3.5352631013431015
-3.53206231990232
-3.5288615384615385
-3.525660757020757
-3.5224599755799755
-3.519259194139194
-3.516058412698413
-3.5128576312576314
-3.50965684981685
-3.5064560683760684
-3.503255286935287
-3.5000545054945054
-3.4968537240537243
-3.493652942612943
-3.4904521611721613
-3.4872513797313798
-3.4840505982905983
-3.4808498168498168
-3.4776490354090352
-3.474448253968254
-3.4712474725274727
-3.468046691086691
-3.4648459096459097
-3.461645128205128
-3.4584443467643466
-3.4552435653235656
-3.452042783882784
-3.4488420024420026
-3.445641221001221
-3.4424404395604395
-3.439239658119658
-3.4360388766788765
-3.4328380952380955
-3.429637313797314
-3.4264365323565324
-3.423235750915751
-3.4200349694749694
-3.416834188034188
-3.4136334065934064
-3.4104326251526254
-3.407231843711844
-3.4040310622710623
-3.400830280830281
-3.3976294993894993
-3.394428717948718
-3.3912279365079367
-3.3880271550671552
-3.3848263736263737
-3.381625592185592
-3.3784248107448107
-3.375224029304029
-3.3720232478632477
-3.3688224664224666
-3.365621684981685
-3.3624209035409036
-3.359220122100122
-3.3560193406593406
-3.352818559218559
-3.349617777777778
-3.3464169963369965
-3.343216214896215
-3.3400154334554335
-3.336814652014652
-3.3336138705738705
-3.330413089133089
-3.327212307692308
-3.3240115262515264
-3.320810744810745
-3.3176099633699634
-3.314409181929182
-3.3112084004884004
-3.308007619047619
-3.304806837606838
-3.3016060561660563
-3.298405274725275
-3.2952044932844933
-3.2920037118437118
-3.2888029304029303
-3.285602148962149
-3.2824013675213677
-3.279200586080586
-3.2759998046398047
-3.272799023199023
-3.2695982417582417
-3.26639746031746
-3.263196678876679
-3.2599958974358976
-3.256795115995116
-3.2535943345543346
-3.250393553113553
-3.2471927716727715
-3.2439919902319905
-3.240791208791209
-3.2375904273504275
-3.234389645909646
-3.2311888644688644
-3.227988083028083
-3.2247873015873014
-3.2215865201465204
-3.218385738705739
-3.2151849572649573
-3.211984175824176
-3.2087833943833943
-3.205582612942613
-3.2023818315018313
-3.1991810500610502
-3.1959802686202687
-3.1927794871794872
-3.1895787057387057
-3.186377924297924
-3.1831771428571427
-3.1799763614163616
-3.17677557997558
-3.1735747985347986
-3.170374017094017
-3.1671732356532356
-3.163972454212454
-3.1607716727716726
-3.1575708913308915
-3.15437010989011
-3.1511693284493285
-3.147968547008547
-3.1447677655677655
-3.141566984126984
-3.138366202686203
-3.1351654212454214
-3.13196463980464
-3.1287638583638584
-3.125563076923077
-3.1223622954822954
-3.119161514041514
-3.115960732600733
-3.1127599511599513
-3.10955916971917
-3.1063583882783883
-3.1031576068376068
-3.0999568253968253
-3.0967560439560438
-3.0935552625152627
-3.090354481074481
-3.0871536996336997
-3.083952918192918
-3.0807521367521367
-3.077551355311355
-3.074350573870574
-3.0711497924297926
-3.067949010989011
-3.0647482295482296
-3.061547448107448
-3.0583466666666665
-3.055145885225885
-3.051945103785104
-3.0487443223443225
-3.045543540903541
-3.0423427594627594
-3.039141978021978
-3.0359411965811964
-3.0327404151404154
-3.029539633699634
-3.0263388522588524
-3.023138070818071
-3.0199372893772893
-3.016736507936508
-3.0135357264957263
-3.0103349450549453
-3.0071341636141637
-3.0039333821733822
-3.0007326007326007
-2.997531819291819
-2.9943310378510377
-2.991130256410256
-2.987929474969475
-2.9847286935286936
-2.981527912087912
-2.9783271306471306
-2.975126349206349
-2.9719255677655676
-2.9687247863247865
-2.965524004884005
-2.9623232234432235
-2.959122442002442
-2.9559216605616605
-2.952720879120879
-2.9495200976800975
-2.9463193162393164
-2.943118534798535
-2.9399177533577534
-2.936716971916972
-2.9335161904761904
-2.930315409035409
-2.9271146275946274
-2.9239138461538463
-2.920713064713065
-2.9175122832722833
-2.914311501831502
-2.9111107203907203
-2.9079099389499388
-2.9047091575091577
-2.901508376068376
-2.8983075946275947
-2.895106813186813
-2.8919060317460317
-2.88870525030525
-2.8855044688644687
-2.8823036874236876
-2.879102905982906
-2.8759021245421246
-2.872701343101343
-2.8695005616605616
-2.86629978021978
-2.863098998778999
-2.8598982173382175
-2.856697435897436
-2.8534966544566545
-2.850295873015873
-2.8470950915750914
-2.84389431013431
-2.840693528693529
-2.8374927472527474
-2.834291965811966
-2.8310911843711843
-2.827890402930403
-2.8246896214896213
-2.82148884004884
-2.8182880586080588
-2.8150872771672772
-2.8118864957264957
-2.8086857142857142
-2.8054849328449327
-2.802284151404151
-2.79908336996337
-2.7958825885225886
-2.792681807081807
-2.7894810256410256
-2.786280244200244
-2.7830794627594626
-2.779878681318681
-2.7766778998779
-2.7734771184371185
-2.770276336996337
-2.7670755555555555
-2.763874774114774
-2.7606739926739925
-2.7574732112332114
-2.75427242979243
-2.7510716483516484
-2.747870866910867
-2.7446700854700854
-2.741469304029304
-2.7382685225885224
-2.7350677411477413
-2.73186695970696
-2.7286661782661783
-2.725465396825397
-2.7222646153846153
-2.7190638339438338
-2.7158630525030523
-2.712662271062271
-2.7094614896214897
-2.706260708180708
-2.7030599267399267
-2.699859145299145
-2.6966583638583637
-2.6934575824175826
-2.690256800976801
-2.6870560195360196
-2.683855238095238
-2.6806544566544566
-2.677453675213675
-2.6742528937728935
-2.6710521123321125
-2.667851330891331
-2.6646505494505495
-2.661449768009768
-2.6582489865689864
-2.655048205128205
-2.651847423687424
-2.6486466422466424
-2.645445860805861
-2.6422450793650794
-2.639044297924298
-2.6358435164835163
-2.632642735042735
-2.6294419536019538
-2.6262411721611723
-2.6230403907203907
-2.6198396092796092
-2.6166388278388277
-2.613438046398046
-2.6102372649572647
-2.6070364835164836
-2.603835702075702
-2.6006349206349206
-2.597434139194139
-2.5942333577533576
-2.591032576312576
-2.587831794871795
-2.5846310134310135
-2.581430231990232
-2.5782294505494505
-2.575028669108669
-2.5718278876678875
-2.568627106227106
-2.565426324786325
-2.5622255433455434
-2.559024761904762
-2.5558239804639804
-2.5526231990231993
-2.5494224175824174
-2.5462216361416363
-2.5430208547008544
-2.5398200732600733
-2.5366192918192914
-2.5334185103785103
-2.5302177289377292
-2.5270169474969473
-2.523816166056166
-2.5206153846153843
-2.517414603174603
-2.514213821733822
-2.51101304029304
-2.507812258852259
-2.504611477411477
-2.501410695970696
-2.498209914529914
-2.495009133089133
-2.491808351648352
-2.48860757020757
-2.485406788766789
-2.482206007326007
-2.479005225885226
-2.475804444444444
-2.472603663003663
-2.469402881562882
-2.4662021001221
-2.463001318681319
-2.459800537240537
-2.456599755799756
-2.453398974358974
-2.450198192918193
-2.446997411477412
-2.44379663003663
-2.4405958485958488
-2.437395067155067
-2.4341942857142858
-2.430993504273504
-2.4277927228327227
-2.4245919413919417
-2.4213911599511597
-2.4181903785103787
-2.4149895970695967
-2.4117888156288156
-2.4085880341880346
-2.4053872527472526
-2.4021864713064716
-2.3989856898656896
-2.3957849084249085
-2.3925841269841266
-2.3893833455433455
-2.3861825641025645
-2.3829817826617825
-2.3797810012210014
-2.3765802197802195
-2.3733794383394384
-2.3701786568986565
-2.3669778754578754
-2.3637770940170943
-2.3605763125763124
-2.3573755311355313
-2.3541747496947494
-2.3509739682539683
-2.3477731868131864
-2.3445724053724053
-2.3413716239316242
-2.3381708424908423
-2.334970061050061
-2.3317692796092793
-2.328568498168498
-2.3253677167277162
-2.322166935286935
-2.318966153846154
-2.315765372405372
-2.312564590964591
-2.309363809523809
-2.306163028083028
-2.302962246642247
-2.299761465201465
-2.296560683760684
-2.293359902319902
-2.290159120879121
-2.286958339438339
-2.283757557997558
-2.280556776556777
-2.277355995115995
-2.274155213675214
-2.270954432234432
-2.267753650793651
-2.264552869352869
-2.261352087912088
-2.258151306471307
-2.254950525030525
-2.251749743589744
-2.248548962148962
-2.2453481807081808
-2.242147399267399
-2.2389466178266177
-2.2357458363858367
-2.2325450549450547
-2.2293442735042737
-2.2261434920634917
-2.2229427106227106
-2.2197419291819287
-2.2165411477411476
-2.2133403663003666
-2.2101395848595846
-2.2069388034188036
-2.2037380219780216
-2.2005372405372405
-2.1973364590964595
-2.1941356776556775
-2.1909348962148965
-2.1877341147741145
-2.1845333333333334
-2.1813325518925515
-2.1781317704517704
-2.1749309890109894
-2.1717302075702074
-2.1685294261294263
-2.1653286446886444
-2.1621278632478633
-2.1589270818070814
-2.1557263003663003
-2.1525255189255192
-2.1493247374847373
-2.1461239560439562
-2.1429231746031743
-2.139722393162393
-2.1365216117216113
-2.13332083028083
-2.130120048840049
-2.126919267399267
-2.123718485958486
-2.120517704517704
-2.117316923076923
-2.114116141636141
-2.11091536019536
-2.107714578754579
-2.104513797313797
-2.101313015873016
-2.098112234432234
-2.094911452991453
-2.091710671550672
-2.08850989010989
-2.085309108669109
-2.082108327228327
-2.078907545787546
-2.075706764346764
-2.072505982905983
-2.069305201465202
-2.06610442002442
-2.062903638583639
-2.059702857142857
-2.0565020757020758
-2.053301294261294
-2.0501005128205128
-2.0468997313797317
-2.0436989499389497
-2.0404981684981687
-2.0372973870573867
-2.0340966056166057
-2.0308958241758237
-2.0276950427350426
-2.0244942612942616
-2.0212934798534796
-2.0180926984126986
-2.0148919169719166
-2.0116911355311355
-2.0084903540903536
-2.0052895726495725
-2.0020887912087915
-1.9988880097680095
-1.9956872283272284
-1.9924864468864465
-1.9892856654456654
-1.9860848840048844
-1.9828841025641024
-1.9796833211233213
-1.9764825396825394
-1.9732817582417583
-1.9700809768009764
-1.9668801953601953
-1.9636794139194143
-1.9604786324786323
-1.9572778510378512
-1.9540770695970693
-1.9508762881562882
-1.9476755067155063
-1.9444747252747252
-1.9412739438339441
-1.9380731623931622
-1.9348723809523811
-1.9316715995115992
-1.928470818070818
-1.9252700366300362
-1.922069255189255
-1.918868473748474
-1.915667692307692
-1.912466910866911
-1.909266129426129
-1.906065347985348
-1.902864566544566
-1.899663785103785
-1.896463003663004
-1.893262222222222
-1.890061440781441
-1.886860659340659
-1.8836598778998779
-1.880459096459096
-1.8772583150183149
-1.8740575335775338
-1.8708567521367518
-1.8676559706959708
-1.8644551892551888
-1.8612544078144078
-1.8580536263736267
-1.8548528449328447
-1.8516520634920637
-1.8484512820512817
-1.8452505006105007
-1.8420497191697187
-1.8388489377289376
-1.8356481562881566
-1.8324473748473746
-1.8292465934065936
-1.8260458119658116
-1.8228450305250306
-1.8196442490842486
-1.8164434676434675
-1.8132426862026865
-1.8100419047619045
-1.8068411233211235
-1.8036403418803415
-1.8004395604395604
-1.7972387789987785
-1.7940379975579974
-1.7908372161172164
-1.7876364346764344
-1.7844356532356533
-1.7812348717948714
-1.7780340903540903
-1.7748333089133084
-1.7716325274725273
-1.7684317460317462
-1.7652309645909643
-1.7620301831501832
-1.7588294017094013
-1.7556286202686202
-1.7524278388278391
-1.7492270573870572
-1.7460262759462761
-1.7428254945054942
-1.7396247130647131
-1.7364239316239312
-1.73322315018315
-1.730022368742369
-1.726821587301587
-1.723620805860806
-1.720420024420024
-1.717219242979243
-1.714018461538461
-1.71081768009768
-1.707616898656899
-1.704416117216117
-1.701215335775336
-1.698014554334554
-1.6948137728937729
-1.691612991452991
-1.6884122100122099
-1.6852114285714288
-1.6820106471306469
-1.6788098656898658
-1.6756090842490838
-1.6724083028083028
-1.6692075213675208
-1.6660067399267398
-1.6628059584859587
-1.6596051770451767
-1.6564043956043957
-1.6532036141636137
-1.6500028327228327
-1.6468020512820516
-1.6436012698412696
-1.6404004884004886
-1.6371997069597066
-1.6339989255189256
-1.6307981440781436
-1.6275973626373625
-1.6243965811965815
-1.6211957997557995
-1.6179950183150185
-1.6147942368742365
-1.6115934554334554
-1.6083926739926735
-1.6051918925518924
-1.6019911111111114
-1.5987903296703294
-1.5955895482295483
-1.5923887667887664
-1.5891879853479853
-1.5859872039072034
-1.5827864224664223
-1.5795856410256413
-1.5763848595848593
-1.5731840781440782
-1.5699832967032963
-1.5667825152625152
-1.5635817338217333
-1.5603809523809522
-1.5571801709401711
-1.5539793894993892
-1.5507786080586081
-1.5475778266178262
-1.544377045177045
-1.541176263736264
-1.537975482295482
-1.534774700854701
-1.531573919413919
-1.528373137973138
-1.525172356532356
-1.521971575091575
-1.518770793650794
-1.515570012210012
-1.512369230769231
-1.509168449328449
-1.505967667887668
-1.502766886446886
-1.4995661050061049
-1.4963653235653238
-1.4931645421245419
-1.4899637606837608
-1.4867629792429788
-1.4835621978021978
-1.4803614163614158
-1.4771606349206348
-1.4739598534798537
-1.4707590720390717
-1.4675582905982907
-1.4643575091575087
-1.4611567277167277
-1.4579559462759457
-1.4547551648351646
-1.4515543833943836
-1.4483536019536016
-1.4451528205128206
-1.4419520390720386
-1.4387512576312576
-1.4355504761904765
-1.4323496947496945
-1.4291489133089135
-1.4259481318681315
-1.4227473504273505
-1.4195465689865685
-1.4163457875457874
-1.4131450061050064
-1.4099442246642244
-1.4067434432234434
-1.4035426617826614
-1.4003418803418803
-1.3971410989010984
-1.3939403174603173
-1.3907395360195363
-1.3875387545787543
-1.3843379731379732
-1.3811371916971913
-1.3779364102564102
-1.3747356288156283
-1.3715348473748472
-1.3683340659340661
-1.3651332844932842
-1.3619325030525031
-1.3587317216117212
-1.3555309401709401
-1.3523301587301582
-1.349129377289377
-1.345928595848596
-1.342727814407814
-1.339527032967033
-1.336326251526251
-1.33312547008547
-1.329924688644689
-1.326723907203907
-1.323523125763126
-1.320322344322344
-1.317121562881563
-1.313920781440781
-1.3107199999999999
-1.3075192185592188
-1.3043184371184369
-1.3011176556776558
-1.2979168742368739
-1.2947160927960928
-1.2915153113553108
-1.2883145299145298
-1.2851137484737487
-1.2819129670329668
-1.2787121855921857
-1.2755114041514037
-1.2723106227106227
-1.2691098412698407
-1.2659090598290597
-1.2627082783882786
-1.2595074969474966
-1.2563067155067156
-1.2531059340659336
-1.2499051526251526
-1.2467043711843706
-1.2435035897435895
-1.2403028083028085
-1.2371020268620265
-1.2339012454212455
-1.2307004639804635
-1.2274996825396824
-1.2242989010989014
-1.2210981196581194
-1.2178973382173384
-1.2146965567765564
-1.2114957753357753
-1.2082949938949934
-1.2050942124542123
-1.2018934310134313
-1.1986926495726493
-1.1954918681318683
-1.1922910866910863
-1.1890903052503052
-1.1858895238095233
-1.1826887423687422
-1.1794879609279612
-1.1762871794871792
-1.1730863980463981
-1.1698856166056162
-1.1666848351648351
-1.1634840537240532
-1.160283272283272
-1.157082490842491
-1.153881709401709
-1.150680927960928
-1.147480146520146
-1.144279365079365
-1.141078583638583
-1.137877802197802
-1.134677020757021
-1.131476239316239
-1.128275457875458
-1.125074676434676
-1.121873894993895
-1.1186731135531138
-1.1154723321123319
-1.1122715506715508
-1.1090707692307689
-1.1058699877899878
-1.1026692063492058
-1.0994684249084248
-1.0962676434676437
-1.0930668620268618
-1.0898660805860807
-1.0866652991452987
-1.0834645177045177
-1.0802637362637357
-1.0770629548229547
-1.0738621733821736
-1.0706613919413916
-1.0674606105006106
-1.0642598290598286
-1.0610590476190476
-1.0578582661782656
-1.0546574847374846
-1.0514567032967035
-1.0482559218559215
-1.0450551404151405
-1.0418543589743585
-1.0386535775335775
-1.0354527960927955
-1.0322520146520144
-1.0290512332112334
-1.0258504517704514
-1.0226496703296704
-1.0194488888888884
-1.0162481074481073
-1.0130473260073263
-1.0098465445665443
-1.0066457631257633
-1.0034449816849813
-1.0002442002442002
-0.9970434188034183
-0.9938426373626372
-0.9906418559218562
-0.9874410744810742
-0.9842402930402931
-0.9810395115995112
-0.9778387301587301
-0.9746379487179482
-0.9714371672771671
-0.968236385836386
-0.9650356043956041
-0.961834822954823
-0.9586340415140411
-0.95543326007326
-0.9522324786324781
-0.949031697191697
-0.9458309157509159
-0.942630134310134
-0.9394293528693529
-0.936228571428571
-0.9330277899877899
-0.929827008547008
-0.9266262271062269
-0.9234254456654458
-0.9202246642246639
-0.9170238827838828
-0.9138231013431009
-0.9106223199023198
-0.9074215384615387
-0.9042207570207568
-0.9010199755799757
-0.8978191941391938
-0.8946184126984127
-0.8914176312576307
-0.8882168498168497
-0.8850160683760686
-0.8818152869352867
-0.8786145054945056
-0.8754137240537236
-0.8722129426129426
-0.8690121611721606
-0.8658113797313796
-0.8626105982905985
-0.8594098168498165
-0.8562090354090355
-0.8530082539682535
-0.8498074725274725
-0.8466066910866905
-0.8434059096459094
-0.8402051282051284
-0.8370043467643464
-0.8338035653235654
-0.8306027838827834
-0.8274020024420023
-0.8242012210012204
-0.8210004395604393
-0.8177996581196583
-0.8145988766788763
-0.8113980952380953
-0.8081973137973133
-0.8049965323565322
-0.8017957509157512
-0.7985949694749692
-0.7953941880341882
-0.7921934065934062
-0.7889926251526251
-0.7857918437118432
-0.7825910622710621
-0.7793902808302811
-0.7761894993894991
-0.772988717948718
-0.7697879365079361
-0.766587155067155
-0.7633863736263731
-0.760185592185592
-0.7569848107448109
-0.753784029304029
-0.7505832478632479
-0.747382466422466
-0.7441816849816849
-0.740980903540903
-0.7377801221001219
-0.7345793406593408
-0.7313785592185589
-0.7281777777777778
-0.7249769963369959
-0.7217762148962148
-0.7185754334554328
-0.7153746520146518
-0.7121738705738707
-0.7089730891330888
-0.7057723076923077
-0.7025715262515257
-0.6993707448107447
-0.6961699633699636
-0.6929691819291817
-0.6897684004884006
-0.6865676190476186
-0.6833668376068376
-0.6801660561660556
-0.6769652747252746
-0.6737644932844935
-0.6705637118437116
-0.6673629304029305
-0.6641621489621485
-0.6609613675213675
-0.6577605860805855
-0.6545598046398045
-0.6513590231990234
-0.6481582417582414
-0.6449574603174604
-0.6417566788766784
-0.6385558974358974
-0.6353551159951154
-0.6321543345543343
-0.6289535531135533
-0.6257527716727713
-0.6225519902319903
-0.6193512087912083
-0.6161504273504272
-0.6129496459096453
-0.6097488644688642
-0.6065480830280832
-0.6033473015873012
-0.6001465201465201
-0.5969457387057382
-0.5937449572649571
-0.5905441758241752
-0.5873433943833941
-0.584142612942613
-0.5809418315018311
-0.57774105006105
-0.5745402686202681
-0.571339487179487
-0.568138705738706
-0.564937924297924
-0.5617371428571429
-0.558536361416361
-0.5553355799755799
-0.552134798534798
-0.5489340170940169
-0.5457332356532358
-0.5425324542124539
-0.5393316727716728
-0.5361308913308909
-0.5329301098901098
-0.5297293284493279
-0.5265285470085468
-0.5233277655677657
-0.5201269841269838
-0.5169262026862027
-0.5137254212454208
-0.5105246398046397
-0.5073238583638577
-0.5041230769230767
-0.5009222954822956
-0.49772151404151366
-0.4945207326007326
-0.49131995115995064
-0.4881191697191696
-0.4849183882783876
-0.48171760683760656
-0.4785168253968255
-0.47531604395604354
-0.4721152625152625
-0.4689144810744805
-0.46571369963369946
-0.4625129181929184
-0.45931213675213645
-0.4561113553113554
-0.45291057387057343
-0.44970979242979237
-0.4465090109890104
-0.44330822954822935
-0.4401074481074483
-0.43690666666666633
-0.43370588522588527
-0.4305051037851033
-0.42730432234432225
-0.4241035409035403
-0.42090275946275924
-0.41770197802197817
-0.4145011965811962
-0.41130041514041515
-0.4080996336996332
-0.40489885225885214
-0.4016980708180702
-0.3984972893772891
-0.39529650793650806
-0.3920957264957261
-0.38889494505494504
-0.3856941636141631
-0.382493382173382
-0.37929260073260007
-0.376091819291819
-0.37289103785103794
-0.369690256410256
-0.3664894749694749
-0.363288693528693
-0.3600879120879119
-0.35688713064713085
-0.3536863492063489
-0.35048556776556783
-0.3472847863247859
-0.3440840048840048
-0.34088322344322286
-0.3376824420024418
-0.33448166056166073
-0.3312808791208788
-0.3280800976800977
-0.32487931623931576
-0.3216785347985347
-0.31847775335775275
-0.3152769719169717
-0.3120761904761906
-0.30887540903540867
-0.3056746275946276
-0.30247384615384565
-0.2992730647130646
-0.29607228327228263
-0.29287150183150157
-0.2896707203907205
-0.28646993894993855
-0.2832691575091575
-0.28006837606837554
-0.27686759462759447
-0.2736668131868125
-0.27046603174603145
-0.2672652503052504
-0.26406446886446844
-0.2608636874236874
-0.2576629059829054
-0.25446212454212436
-0.2512613431013433
-0.24806056166056134
-0.24485978021978028
-0.24165899877899832
-0.23845821733821726
-0.2352574358974353
-0.23205665445665424
-0.22885587301587318
-0.22565509157509123
-0.22245431013431016
-0.2192535286935282
-0.21605274725274715
-0.2128519658119652
-0.20965118437118413
-0.20645040293040307
-0.2032496214896211
-0.20004884004884005
-0.1968480586080581
-0.19364727716727703
-0.19044649572649508
-0.18724571428571402
-0.18404493284493295
-0.180844151404151
-0.17764336996336993
-0.17444258852258798
-0.17124180708180692
-0.16804102564102497
-0.1648402442002439
-0.16163946275946284
-0.15843868131868089
-0.15523789987789982
-0.15203711843711787
-0.1488363369963368
-0.14563555555555574
-0.1424347741147738
-0.13923399267399272
-0.13603321123321077
-0.1328324297924297
-0.12963164835164775
-0.1264308669108667
-0.12323008547008563
-0.12002930402930367
-0.11682852258852261
-0.11362774114774066
-0.1104269597069596
-0.10722617826617764
-0.10402539682539658
-0.10082461538461551
-0.09762383394383356
-0.0944230525030525
-0.09122227106227054
-0.08802148962148948
-0.08482070818070753
-0.08161992673992646
-0.0784191452991454
-0.07521836385836345
-0.07201758241758238
-0.06881680097680043
-0.06561601953601937
-0.06241523809523741
-0.05921445665445635
-0.056013675213675285
-0.05281289377289333
-0.04961211233211227
-0.046411330891330316
-0.04321054945054925
-0.04000976800976819
-0.036808986568986235
-0.03360820512820517
-0.03040742368742322
-0.027206642246642154
-0.024005860805860202
-0.020805079365079138
-0.017604297924298073
-0.014403516483516121
-0.011202735042735057
-0.008001953601953105
-0.00480117216117204
-0.001600390720390088
0.0016003907203909762
0.00480117216117204
0.008001953601953993
0.011202735042735057
0.01440351648351701
0.017604297924298073
0.020805079365080026
0.02400586080586109
0.027206642246642154
0.030407423687424107
0.03360820512820517
0.03680898656898712
0.04000976800976819
0.04321054945055014
0.046411330891331204
0.04961211233211227
0.05281289377289422
0.056013675213675285
0.05921445665445724
0.0624152380952383
0.06561601953601937
0.06881680097680132
0.07201758241758238
0.07521836385836433
0.0784191452991454
0.08161992673992735
0.08482070818070842
0.08802148962148948
0.09122227106227143
0.0944230525030525
0.09762383394383445
0.10082461538461551
0.10402539682539746
0.10722617826617853
0.1104269597069596
0.11362774114774155
0.11682852258852261
0.12002930402930456
0.12323008547008563
0.12643086691086758
0.12963164835164864
0.1328324297924297
0.13603321123321166
0.13923399267399272
0.14243477411477468
0.14563555555555574
0.1488363369963377
0.15203711843711876
0.15523789987789982
0.15843868131868177
0.16163946275946284
0.1648402442002448
0.16804102564102585
0.17124180708180692
0.17444258852258887
0.17764336996336993
0.1808441514041519
0.18404493284493295
0.1872457142857149
0.19044649572649597
0.19364727716727703
0.19684805860805898
0.20004884004884005
0.203249621489622
0.20645040293040307
0.20965118437118502
0.21285196581196608
0.21605274725274715
0.2192535286935291
0.22245431013431016
0.22565509157509211
0.22885587301587318
0.23205665445665513
0.2352574358974362
0.23845821733821726
0.2416589987789992
0.24485978021978028
0.24806056166056223
0.2512613431013433
0.25446212454212525
0.2576629059829063
0.2608636874236874
0.2640644688644693
0.2672652503052504
0.27046603174603234
0.2736668131868134
0.27686759462759447
0.2800683760683764
0.2832691575091575
0.28646993894993944
0.2896707203907205
0.29287150183150246
0.2960722832722835
0.2992730647130646
0.30247384615384654
0.3056746275946276
0.30887540903540955
0.3120761904761906
0.31527697191697257
0.31847775335775363
0.3216785347985347
0.32487931623931665
0.3280800976800977
0.33128087912087967
0.33448166056166073
0.3376824420024427
0.34088322344322375
0.3440840048840048
0.34728478632478677
0.35048556776556783
0.3536863492063498
0.35688713064713085
0.3600879120879128
0.36328869352869386
0.3664894749694749
0.3696902564102569
0.37289103785103794
0.3760918192918199
0.37929260073260096
0.382493382173382
0.385694163614164
0.38889494505494504
0.392095726495727
0.39529650793650806
0.39849728937729
0.4016980708180711
0.40489885225885214
0.4080996336996341
0.41130041514041515
0.4145011965811971
0.41770197802197817
0.4209027594627601
0.4241035409035412
0.42730432234432225
0.4305051037851042
0.43370588522588527
0.4369066666666672
0.4401074481074483
0.44330822954823024
0.4465090109890113
0.44970979242979237
0.4529105738705743
0.4561113553113554
0.45931213675213733
0.4625129181929184
0.46571369963370035
0.4689144810744814
0.4721152625152625
0.47531604395604443
0.4785168253968255
0.48171760683760745
0.4849183882783885
0.4881191697191696
0.49131995115995153
0.4945207326007326
0.49772151404151455
0.5009222954822956
0.5041230769230776
0.5073238583638586
0.5105246398046397
0.5137254212454216
0.5169262026862027
0.5201269841269847
0.5233277655677657
0.5265285470085477
0.5297293284493287
0.5329301098901098
0.5361308913308918
0.5393316727716728
0.5425324542124548
0.5457332356532358
0.5489340170940178
0.5521347985347989
0.5553355799755799
0.5585363614163619
0.5617371428571429
0.5649379242979249
0.568138705738706
0.5713394871794879
0.574540268620269
0.57774105006105
0.580941831501832
0.584142612942613
0.587343394383395
0.5905441758241761
0.5937449572649571
0.5969457387057391
0.6001465201465201
0.6033473015873021
0.6065480830280832
0.6097488644688651
0.6129496459096462
0.6161504273504272
0.6193512087912092
0.6225519902319903
0.6257527716727722
0.6289535531135533
0.6321543345543352
0.6353551159951163
0.6385558974358974
0.6417566788766793
0.6449574603174604
0.6481582417582423
0.6513590231990234
0.6545598046398053
0.6577605860805864
0.6609613675213675
0.6641621489621494
0.6673629304029305
0.6705637118437124
0.6737644932844935
0.6769652747252755
0.6801660561660565
0.6833668376068376
0.6865676190476195
0.6897684004884006
0.6929691819291826
0.6961699633699636
0.6993707448107456
0.7025715262515266
0.7057723076923077
0.7089730891330897
0.7121738705738707
0.7153746520146527
0.7185754334554337
0.7217762148962148
0.7249769963369967
0.7281777777777778
0.7313785592185598
0.7345793406593408
0.7377801221001228
0.7409809035409038
0.7441816849816849
0.7473824664224669
0.7505832478632479
0.7537840293040299
0.7569848107448109
0.7601855921855929
0.763386373626374
0.766587155067155
0.769787936507937
0.772988717948718
0.7761894993895
0.7793902808302811
0.782591062271063
0.7857918437118441
0.7889926251526251
0.7921934065934071
0.7953941880341882
0.7985949694749701
0.8017957509157512
0.8049965323565331
0.8081973137973142
0.8113980952380953
0.8145988766788772
0.8177996581196583
0.8210004395604402
0.8242012210012213
0.8274020024420023
0.8306027838827843
0.8338035653235654
0.8370043467643473
0.8402051282051284
0.8434059096459103
0.8466066910866914
0.8498074725274725
0.8530082539682544
0.8562090354090355
0.8594098168498174
0.8626105982905985
0.8658113797313804
0.8690121611721615
0.8722129426129426
0.8754137240537245
0.8786145054945056
0.8818152869352875
0.8850160683760686
0.8882168498168506
0.8914176312576316
0.8946184126984127
0.8978191941391946
0.9010199755799757
0.9042207570207577
0.9074215384615387
0.9106223199023207
0.9138231013431017
0.9170238827838828
0.9202246642246648
0.9234254456654458
0.9266262271062278
0.9298270085470088
0.9330277899877899
0.9362285714285719
0.9394293528693529
0.9426301343101349
0.9458309157509159
0.9490316971916979
0.952232478632479
0.95543326007326
0.958634041514042
0.961834822954823
0.965035604395605
0.968236385836386
0.971437167277168
0.9746379487179491
0.9778387301587301
0.9810395115995121
0.9842402930402931
0.9874410744810751
0.9906418559218562
0.9938426373626381
0.9970434188034192
1.0002442002442002
1.0034449816849822
1.0066457631257633
1.0098465445665452
1.0130473260073263
1.0162481074481082
1.0194488888888893
1.0226496703296704
1.0258504517704523
1.0290512332112334
1.0322520146520153
1.0354527960927964
1.0386535775335775
1.0418543589743594
1.0450551404151405
1.0482559218559224
1.0514567032967035
1.0546574847374854
1.0578582661782665
1.0610590476190476
1.0642598290598295
1.0674606105006106
1.0706613919413925
1.0738621733821736
1.0770629548229556
1.0802637362637366
1.0834645177045177
1.0866652991452996
1.0898660805860807
1.0930668620268627
1.0962676434676437
1.0994684249084257
1.1026692063492067
1.1058699877899878
1.1090707692307697
1.1122715506715508
1.1154723321123328
1.1186731135531138
1.1218738949938958
1.1250746764346768
1.128275457875458
1.1314762393162399
1.134677020757021
1.1378778021978029
1.141078583638584
1.144279365079365
1.147480146520147
1.150680927960928
1.15388170940171
1.157082490842491
1.160283272283273
1.163484053724054
1.1666848351648351
1.169885616605617
1.1730863980463981
1.17628717948718
1.1794879609279612
1.182688742368743
1.1858895238095242
1.1890903052503052
1.1922910866910872
1.1954918681318683
1.1986926495726502
1.2018934310134313
1.2050942124542132
1.2082949938949943
1.2114957753357753
1.2146965567765573
1.2178973382173384
1.2210981196581203
1.2242989010989014
1.2274996825396833
1.2307004639804644
1.2339012454212455
1.2371020268620274
1.2403028083028085
1.2435035897435904
1.2467043711843715
1.2499051526251526
1.2531059340659345
1.2563067155067156
1.2595074969474975
1.2627082783882786
1.2659090598290605
1.2691098412698416
1.2723106227106227
1.2755114041514046
1.2787121855921857
1.2819129670329676
1.2851137484737487
1.2883145299145307
1.2915153113553117
1.2947160927960928
1.2979168742368747
1.3011176556776558
1.3043184371184378
1.3075192185592188
1.3107200000000008
1.3139207814407818
1.317121562881563
1.3203223443223449
1.323523125763126
1.3267239072039079
1.329924688644689
1.3331254700854709
1.336326251526252
1.339527032967033
1.342727814407815
1.345928595848596
1.349129377289378
1.352330158730159
1.3555309401709401
1.358731721611722
1.3619325030525031
1.365133284493285
1.3683340659340661
1.371534847374848
1.3747356288156292
1.3779364102564102
1.3811371916971922
1.3843379731379732
1.3875387545787552
1.3907395360195363
1.3939403174603182
1.3971410989010993
1.4003418803418803
1.4035426617826623
1.4067434432234434
1.4099442246642253
1.4131450061050064
1.4163457875457883
1.4195465689865694
1.4227473504273505
1.4259481318681324
1.4291489133089135
1.4323496947496954
1.4355504761904765
1.4387512576312584
1.4419520390720395
1.4451528205128206
1.4483536019536016
1.4515543833943836
1.4547551648351655
1.4579559462759475
1.4611567277167277
1.4643575091575096
1.4675582905982916
1.4707590720390717
1.4739598534798537
1.4771606349206357
1.4803614163614176
1.4835621978021978
1.4867629792429797
1.4899637606837617
1.4931645421245419
1.4963653235653238
1.4995661050061058
1.5027668864468877
1.505967667887668
1.5091684493284498
1.5123692307692318
1.515570012210012
1.518770793650794
1.5219715750915759
1.525172356532356
1.528373137973138
1.53157391941392
1.534774700854702
1.537975482295482
1.541176263736264
1.544377045177046
1.5475778266178262
1.5507786080586081
1.55397938949939
1.557180170940172
1.5603809523809522
1.5635817338217342
1.566782515262516
1.5699832967032963
1.5731840781440782
1.5763848595848602
1.5795856410256421
1.5827864224664223
1.5859872039072043
1.5891879853479862
1.5923887667887664
1.5955895482295483
1.5987903296703303
1.6019911111111123
1.6051918925518924
1.6083926739926744
1.6115934554334563
1.6147942368742365
1.6179950183150185
1.6211957997558004
1.6243965811965824
1.6275973626373625
1.6307981440781445
1.6339989255189264
1.6371997069597066
1.6404004884004886
1.6436012698412705
1.6468020512820525
1.6500028327228327
1.6532036141636146
1.6564043956043966
1.6596051770451767
1.6628059584859587
1.6660067399267406
1.6692075213675226
1.6724083028083028
1.6756090842490847
1.6788098656898667
1.6820106471306469
1.6852114285714288
1.6884122100122108
1.6916129914529927
1.6948137728937729
1.6980145543345548
1.7012153357753368
1.704416117216117
1.707616898656899
1.7108176800976809
1.7140184615384628
1.717219242979243
1.720420024420025
1.723620805860807
1.726821587301587
1.730022368742369
1.733223150183151
1.7364239316239312
1.7396247130647131
1.742825494505495
1.746026275946277
1.7492270573870572
1.7524278388278391
1.755628620268621
1.7588294017094013
1.7620301831501832
1.7652309645909652
1.7684317460317471
1.7716325274725273
1.7748333089133093
1.7780340903540912
1.7812348717948714
1.7844356532356533
1.7876364346764353
1.7908372161172172
1.7940379975579974
1.7972387789987794
1.8004395604395613
1.8036403418803415
1.8068411233211235
1.8100419047619054
1.8132426862026874
1.8164434676434675
1.8196442490842495
1.8228450305250314
1.8260458119658116
1.8292465934065936
1.8324473748473755
1.8356481562881575
1.8388489377289376
1.8420497191697196
1.8452505006105016
1.8484512820512817
1.8516520634920637
1.8548528449328456
1.8580536263736276
1.8612544078144078
1.8644551892551897
1.8676559706959717
1.8708567521367518
1.8740575335775338
1.8772583150183157
1.8804590964590977
1.8836598778998779
1.8868606593406598
1.8900614407814418
1.893262222222222
1.896463003663004
1.8996637851037859
1.9028645665445678
1.906065347985348
1.90926612942613
1.912466910866912
1.915667692307692
1.918868473748474
1.922069255189256
1.925270036630038
1.928470818070818
1.9316715995116
1.934872380952382
1.9380731623931622
1.9412739438339441
1.944474725274726
1.9476755067155063
1.9508762881562882
1.9540770695970702
1.9572778510378521
1.9604786324786323
1.9636794139194143
1.9668801953601962
1.9700809768009764
1.9732817582417583
1.9764825396825403
1.9796833211233222
1.9828841025641024
1.9860848840048844
1.9892856654456663
1.9924864468864465
1.9956872283272284
1.9988880097680104
2.0020887912087924
2.0052895726495725
2.0084903540903545
2.0116911355311364
2.0148919169719166
2.0180926984126986
2.0212934798534805
2.0244942612942625
2.0276950427350426
2.0308958241758246
2.0340966056166065
2.0372973870573867
2.0404981684981687
2.0436989499389506
2.0468997313797326
2.0501005128205128
2.0533012942612947
2.0565020757020767
2.059702857142857
2.062903638583639
2.0661044200244207
2.0693052014652027
2.072505982905983
2.075706764346765
2.0789075457875468
2.082108327228327
2.085309108669109
2.088509890109891
2.091710671550673
2.094911452991453
2.098112234432235
2.101313015873017
2.104513797313797
2.107714578754579
2.110915360195361
2.114116141636143
2.117316923076923
2.120517704517705
2.123718485958487
2.126919267399267
2.130120048840049
2.133320830280831
2.136521611721613
2.139722393162393
2.142923174603175
2.146123956043957
2.1493247374847373
2.1525255189255192
2.155726300366301
2.1589270818070814
2.1621278632478633
2.1653286446886453
2.1685294261294272
2.1717302075702074
2.1749309890109894
2.1781317704517713
2.1813325518925515
2.1845333333333334
2.1877341147741154
2.1909348962148973
2.1941356776556775
2.1973364590964595
2.2005372405372414
2.2037380219780216
2.2069388034188036
2.2101395848595855
2.2133403663003675
2.2165411477411476
2.2197419291819296
2.2229427106227115
2.2261434920634917
2.2293442735042737
2.2325450549450556
2.2357458363858376
2.2389466178266177
2.2421473992673997
2.2453481807081817
2.248548962148962
2.251749743589744
2.2549505250305257
2.2581513064713077
2.261352087912088
2.26455286935287
2.2677536507936518
2.270954432234432
2.274155213675214
2.277355995115996
2.280556776556778
2.283757557997558
2.28695833943834
2.290159120879122
2.293359902319902
2.296560683760684
2.299761465201466
2.302962246642248
2.306163028083028
2.30936380952381
2.312564590964592
2.315765372405372
2.318966153846154
2.322166935286936
2.325367716727718
2.328568498168498
2.33176927960928
2.334970061050062
2.3381708424908423
2.3413716239316242
2.344572405372406
2.347773186813188
2.3509739682539683
2.3541747496947503
2.357375531135532
2.3605763125763124
2.3637770940170943
2.3669778754578763
2.3701786568986565
2.3733794383394384
2.3765802197802204
2.3797810012210023
2.3829817826617825
2.3861825641025645
2.3893833455433464
2.3925841269841266
2.3957849084249085
2.3989856898656905
2.4021864713064724
2.4053872527472526
2.4085880341880346
2.4117888156288165
2.4149895970695967
2.4181903785103787
2.4213911599511606
2.4245919413919426
2.4277927228327227
2.4309935042735047
2.4341942857142866
2.437395067155067
2.4405958485958488
2.4437966300366307
2.4469974114774127
2.450198192918193
2.453398974358975
2.4565997557997568
2.459800537240537
2.463001318681319
2.466202100122101
2.469402881562883
2.472603663003663
2.475804444444445
2.479005225885227
2.482206007326007
2.485406788766789
2.488607570207571
2.491808351648353
2.495009133089133
2.498209914529915
2.501410695970697
2.504611477411477
2.507812258852259
2.511013040293041
2.514213821733823
2.517414603174603
2.520615384615385
2.523816166056167
2.5270169474969473
2.5302177289377292
2.533418510378511
2.536619291819293
2.5398200732600733
2.5430208547008553
2.546221636141637
2.5494224175824174
2.5526231990231993
2.5558239804639813
2.5590247619047632
2.5622255433455434
2.5654263247863254
2.5686271062271073
2.5718278876678875
2.5750286691086695
2.5782294505494514
2.5814302319902316
2.5846310134310135
2.5878317948717955
2.5910325763125774
2.5942333577533576
2.5974341391941396
2.6006349206349215
2.6038357020757017
2.6070364835164836
2.6102372649572656
2.6134380463980476
2.6166388278388277
2.6198396092796097
2.6230403907203916
2.626241172161172
2.6294419536019538
2.6326427350427357
2.6358435164835177
2.639044297924298
2.64224507936508
2.6454458608058617
2.648646642246642
2.651847423687424
2.655048205128206
2.658248986568988
2.661449768009768
2.66465054945055
2.667851330891332
2.671052112332112
2.674252893772894
2.677453675213676
2.680654456654458
2.683855238095238
2.68705601953602
2.690256800976802
2.693457582417582
2.696658363858364
2.699859145299146
2.703059926739928
2.706260708180708
2.70946148962149
2.712662271062272
2.7158630525030523
2.719063833943834
2.722264615384616
2.725465396825398
2.7286661782661783
2.7318669597069603
2.735067741147742
2.7382685225885224
2.7414693040293043
2.7446700854700863
2.7478708669108682
2.7510716483516484
2.7542724297924304
2.7574732112332123
2.7606739926739925
2.7638747741147744
2.7670755555555564
2.7702763369963384
2.7734771184371185
2.7766778998779005
2.7798786813186824
2.7830794627594626
2.7862802442002446
2.7894810256410265
2.7926818070818085
2.7958825885225886
2.7990833699633706
2.8022841514041525
2.8054849328449327
2.8086857142857147
2.8118864957264966
2.815087277167277
2.8182880586080588
2.8214888400488407
2.8246896214896227
2.827890402930403
2.831091184371185
2.8342919658119667
2.837492747252747
2.840693528693529
2.843894310134311
2.8470950915750928
2.850295873015873
2.853496654456655
2.856697435897437
2.859898217338217
2.863098998778999
2.866299780219781
2.869500561660563
2.872701343101343
2.875902124542125
2.879102905982907
2.882303687423687
2.885504468864469
2.888705250305251
2.891906031746033
2.895106813186813
2.898307594627595
2.901508376068377
2.9047091575091573
2.907909938949939
2.911110720390721
2.914311501831503
2.9175122832722833
2.9207130647130652
2.923913846153847
2.9271146275946274
2.9303154090354093
2.9335161904761913
2.9367169719169732
2.9399177533577534
2.9431185347985354
2.9463193162393173
2.9495200976800975
2.9527208791208794
2.9559216605616614
2.9591224420024433
2.9623232234432235
2.9655240048840055
2.9687247863247874
2.9719255677655676
2.9751263492063496
2.9783271306471315
2.9815279120879135
2.9847286935286936
2.9879294749694756
2.9911302564102575
2.9943310378510377
2.9975318192918197
3.0007326007326016
3.0039333821733836
3.0071341636141637
3.0103349450549457
3.0135357264957277
3.016736507936508
3.01993728937729
3.0231380708180717
3.026338852258852
3.029539633699634
3.032740415140416
3.0359411965811978
3.039141978021978
3.04234275946276
3.045543540903542
3.048744322344322
3.051945103785104
3.055145885225886
3.058346666666668
3.061547448107448
3.06474822954823
3.067949010989012
3.071149792429792
3.074350573870574
3.077551355311356
3.080752136752138
3.083952918192918
3.0871536996337
3.090354481074482
3.0935552625152622
3.096756043956044
3.099956825396826
3.103157606837608
3.1063583882783883
3.1095591697191702
3.112759951159952
3.1159607326007324
3.1191615140415143
3.1223622954822963
3.125563076923078
3.1287638583638584
3.1319646398046403
3.1351654212454223
3.1383662026862025
3.1415669841269844
3.1447677655677664
3.1479685470085483
3.1511693284493285
3.1543701098901105
3.1575708913308924
3.1607716727716726
3.1639724542124545
3.1671732356532365
3.1703740170940184
3.1735747985347986
3.1767755799755806
3.1799763614163625
3.1831771428571427
3.1863779242979247
3.1895787057387066
3.1927794871794886
3.1959802686202687
3.1991810500610507
3.2023818315018326
3.205582612942613
3.2087833943833948
3.2119841758241767
3.2151849572649587
3.218385738705739
3.221586520146521
3.2247873015873028
3.227988083028083
3.231188864468865
3.234389645909647
3.237590427350427
3.240791208791209
3.243991990231991
3.247192771672773
3.250393553113553
3.253594334554335
3.256795115995117
3.259995897435897
3.263196678876679
3.266397460317461
3.269598241758243
3.272799023199023
3.275999804639805
3.279200586080587
3.2824013675213672
3.285602148962149
3.288802930402931
3.292003711843713
3.2952044932844933
3.2984052747252752
3.301606056166057
3.3048068376068374
3.3080076190476193
3.3112084004884013
3.314409181929183
3.3176099633699634
3.3208107448107453
3.3240115262515273
3.3272123076923075
3.3304130891330894
3.3336138705738714
3.3368146520146533
3.3400154334554335
3.3432162148962155
3.3464169963369974
3.3496177777777776
3.3528185592185595
3.3560193406593415
3.3592201221001234
3.3624209035409036
3.3656216849816856
3.3688224664224675
3.3720232478632477
3.3752240293040296
3.3784248107448116
3.3816255921855936
3.3848263736263737
3.3880271550671557
3.3912279365079376
3.394428717948718
3.3976294993894998
3.4008302808302817
3.4040310622710637
3.407231843711844
3.410432625152626
3.4136334065934077
3.416834188034188
3.42003496947497
3.423235750915752
3.426436532356534
3.429637313797314
3.432838095238096
3.436038876678878
3.439239658119658
3.44244043956044
3.445641221001222
3.448842002442002
3.452042783882784
3.455243565323566
3.458444346764348
3.461645128205128
3.46484590964591
3.468046691086692
3.4712474725274722
3.474448253968254
3.477649035409036
3.480849816849818
3.4840505982905983
3.48725137973138
3.490452161172162
3.4936529426129423
3.4968537240537243
3.5000545054945063
3.503255286935288
3.5064560683760684
3.5096568498168503
3.5128576312576323
3.5160584126984125
3.5192591941391944
3.5224599755799764
3.5256607570207583
3.5288615384615385
3.5320623199023204
3.5352631013431024
3.5384638827838826
3.5416646642246645
3.5448654456654465
3.5480662271062284
3.5512670085470086
3.5544677899877906
3.5576685714285725
3.5608693528693527
3.5640701343101346
3.5672709157509166
3.5704716971916985
3.5736724786324787
3.5768732600732607
3.5800740415140426
3.583274822954823
3.5864756043956048
3.5896763858363867
3.5928771672771687
3.596077948717949
3.599278730158731
3.6024795115995127
3.605680293040293
3.608881074481075
3.612081855921857
3.6152826373626388
3.618483418803419
3.621684200244201
3.624884981684983
3.628085763125763
3.631286544566545
3.634487326007327
3.637688107448109
3.640888888888889
3.644089670329671
3.647290451770453
3.650491233211233
3.653692014652015
3.656892796092797
3.6600935775335772
3.663294358974359
3.666495140415141
3.669695921855923
3.6728967032967033
3.676097484737485
3.679298266178267
3.6824990476190473
3.6856998290598293
3.6889006105006112
3.692101391941393
3.6953021733821734
3.6985029548229553
3.7017037362637373
3.7049045177045175
3.7081052991452994
3.7113060805860814
3.7145068620268633
3.7177076434676435
3.7209084249084254
3.7241092063492074
3.7273099877899876
3.7305107692307695
3.7337115506715515
3.7369123321123334
3.7401131135531136
3.7433138949938956
3.7465146764346775
3.7497154578754577
3.7529162393162396
3.7561170207570216
3.7593178021978035
3.7625185836385837
3.7657193650793657
3.7689201465201476
3.772120927960928
3.7753217094017097
3.7785224908424917
3.7817232722832737
3.784924053724054
3.788124835164836
3.7913256166056177
3.794526398046398
3.79772717948718
3.800927960927962
3.8041287423687438
3.807329523809524
3.810530305250306
3.813731086691088
3.816931868131868
3.82013264957265
3.823333431013432
3.826534212454214
3.829734993894994
3.832935775335776
3.836136556776558
3.839337338217338
3.84253811965812
3.845738901098902
3.848939682539684
3.852140463980464
3.855341245421246
3.858542026862028
3.8617428083028082
3.86494358974359
3.868144371184372
3.8713451526251523
3.8745459340659343
3.8777467155067162
3.880947496947498
3.8841482783882784
3.8873490598290603
3.8905498412698423
3.8937506227106224
3.8969514041514044
3.9001521855921863
3.9033529670329683
3.9065537484737485
3.9097545299145304
3.9129553113553124
3.9161560927960926
3.9193568742368745
3.9225576556776565
3.9257584371184384
3.9289592185592186
3.9321600000000005
3.9353607814407825
3.9385615628815627
3.9417623443223446
3.9449631257631266
3.9481639072039085
3.9513646886446887
3.9545654700854707
3.9577662515262526
3.960967032967033
3.9641678144078147
3.9673685958485967
3.9705693772893786
3.973770158730159
3.9769709401709408
3.9801717216117227
3.983372503052503
3.986573284493285
3.989774065934067
3.9929748473748488
3.996175628815629
3.999376410256411
4.002577191697193
4.005777973137973
4.008978754578755
4.012179536019537
4.015380317460319
4.018581098901099
4.021781880341881
4.024982661782663
4.028183443223443
4.031384224664225
4.034585006105007
4.037785787545789
4.040986568986569
4.044187350427351
4.047388131868133
4.050588913308913
4.053789694749695
4.056990476190477
4.060191257631259
4.063392039072039
4.066592820512821
4.069793601953603
4.072994383394383
4.076195164835165
4.079395946275947
4.082596727716729
4.085797509157509
4.088998290598291
4.092199072039073
4.0953998534798535
4.098600634920635
4.101801416361417
4.1050021978021975
4.1082029792429795
4.1114037606837615
4.114604542124543
4.117805323565324
4.1210061050061055
4.1242068864468875
4.127407667887668
4.13060844932845
4.133809230769232
4.1370100122100135
4.140210793650794
4.143411575091576
4.146612356532358
4.149813137973138
4.15301391941392
4.156214700854702
4.159415482295484
4.162616263736264
4.165817045177046
4.169017826617828
4.172218608058608
4.17541938949939
4.178620170940172
4.181820952380954
4.185021733821734
4.188222515262516
4.191423296703298
4.194624078144078
4.19782485958486
4.201025641025642
4.204226422466424
4.207427203907204
4.210627985347986
4.213828766788768
4.217029548229548
4.22023032967033
4.223431111111112
4.226631892551894
4.229832673992674
4.233033455433456
4.236234236874238
4.239435018315018
4.2426357997558
4.245836581196582
4.249037362637364
4.252238144078144
4.255438925518926
4.258639706959708
4.261840488400488
4.26504126984127
4.268242051282052
4.271442832722834
4.274643614163614
4.277844395604396
4.281045177045178
4.2842459584859585
4.28744673992674
4.290647521367522
4.293848302808304
4.2970490842490845
4.3002498656898664
4.303450647130648
4.306651428571429
4.3098522100122105
4.3130529914529925
4.316253772893773
4.319454554334555
4.322655335775337
4.3258561172161185
4.329056898656899
4.332257680097681
4.335458461538463
4.338659242979243
4.341860024420025
4.345060805860807
4.348261587301589
4.351462368742369
4.354663150183151
4.357863931623933
4.361064713064713
4.364265494505495
4.367466275946277
4.370667057387059
4.373867838827839
4.377068620268621
4.380269401709403
4.383470183150183
4.386670964590965
4.389871746031747
4.393072527472529
4.396273308913309
4.399474090354091
4.402674871794873
4.405875653235653
4.409076434676435
4.412277216117217
4.415477997557999
4.418678778998779
4.421879560439561
4.425080341880343
4.428281123321123
4.431481904761905
4.434682686202687
4.437883467643469
4.441084249084249
4.444285030525031
4.447485811965813
4.450686593406593
4.453887374847375
4.457088156288157
4.460288937728939
4.463489719169719
4.466690500610501
4.469891282051283
4.4730920634920635
4.476292844932845
4.479493626373627
4.482694407814409
4.4858951892551895
4.489095970695971
4.492296752136753
4.495497533577534
4.4986983150183155
4.5018990964590975
4.505099877899879
4.50830065934066
4.5115014407814416
4.5147022222222235
4.517903003663004
4.521103785103786
4.524304566544568
4.527505347985348
4.53070612942613
4.533906910866912
4.537107692307694
4.540308473748474
4.543509255189256
4.546710036630038
4.549910818070818
4.5531115995116
4.556312380952382
4.559513162393164
4.562713943833944
4.565914725274726
4.569115506715508
4.572316288156288
4.57551706959707
4.578717851037852
4.581918632478634
4.585119413919414
4.588320195360196
4.591520976800978
4.594721758241758
4.59792253968254
4.601123321123322
4.604324102564104
4.607524884004884
4.610725665445666
4.613926446886448
4.617127228327228
4.62032800976801
4.623528791208792
4.626729572649574
4.629930354090354
4.633131135531136
4.636331916971918
4.639532698412698
4.64273347985348
4.645934261294262
4.649135042735044
4.652335824175824
4.655536605616606
4.658737387057388
4.6619381684981684
4.66513894993895
4.668339731379732
4.671540512820514
4.6747412942612945
4.677942075702076
4.681142857142858
4.684343638583639
4.6875444200244205
4.6907452014652025
4.693945982905984
4.697146764346765
4.7003475457875465
4.7035483272283285
4.706749108669109
4.709949890109891
4.713150671550673
4.7163514529914545
4.719552234432235
4.722753015873017
4.725953797313799
4.729154578754579
4.732355360195361
4.735556141636143
4.738756923076923
4.741957704517705
4.745158485958487
4.748359267399269
4.751560048840049
4.754760830280831
4.757961611721613
4.761162393162393
4.764363174603175
4.767563956043957
4.770764737484739
4.773965518925519
4.777166300366301
4.780367081807083
4.783567863247863
4.786768644688645
4.789969426129427
4.793170207570209
4.796370989010989
4.799571770451771
4.802772551892553
4.805973333333333
4.809174114774115
4.812374896214897
4.815575677655679
4.818776459096459
4.821977240537241
4.825178021978023
4.828378803418803
4.831579584859585
4.834780366300367
4.837981147741149
4.841181929181929
4.844382710622711
4.847583492063493
4.850784273504273
4.853985054945055
4.857185836385837
4.860386617826619
4.8635873992673995
4.866788180708181
4.869988962148963
4.8731897435897435
4.8763905250305255
4.8795913064713075
4.882792087912089
4.88599286935287
4.8891936507936515
4.8923944322344335
4.895595213675214
4.898795995115996
4.901996776556778
4.9051975579975595
4.90839833943834
4.911599120879122
4.914799902319904
4.918000683760684
4.921201465201466
4.924402246642248
4.92760302808303
4.93080380952381
4.934004590964592
4.937205372405374
4.940406153846154
4.943606935286936
4.946807716727718
4.950008498168498
4.95320927960928
4.956410061050062
4.959610842490844
4.962811623931624
4.966012405372406
4.969213186813188
4.972413968253968
4.97561474969475
4.978815531135532
4.982016312576314
4.985217094017094
4.988417875457876
4.991618656898658
4.994819438339438
4.99802021978022
5.001221001221002
5.004421782661784
5.007622564102564
5.010823345543346
5.014024126984128
5.017224908424908
5.02042568986569
5.023626471306472
5.026827252747254
5.030028034188034
5.033228815628816
5.036429597069598
5.039630378510378
5.04283115995116
5.046031941391942
5.049232722832724
5.0524335042735045
5.055634285714286
5.058835067155068
5.0620358485958485
5.0652366300366305
5.0684374114774124
5.071638192918194
5.074838974358975
5.0780397557997565
5.0812405372405385
5.084441318681319
5.087642100122101
5.090842881562883
5.0940436630036645
5.097244444444445
5.100445225885227
5.103646007326009
5.106846788766789
5.110047570207571
5.113248351648353
5.116449133089135
5.119649914529915
5.122850695970697
5.126051477411479
5.129252258852259
5.132453040293041
5.135653821733823
5.138854603174605
5.142055384615385
5.145256166056167
5.148456947496949
5.151657728937729
5.154858510378511
5.158059291819293
5.161260073260073
5.164460854700855
5.167661636141637
5.170862417582419
5.174063199023199
5.177263980463981
5.180464761904763
5.183665543345543
5.186866324786325
5.190067106227107
5.193267887667889
5.196468669108669
5.199669450549451
5.202870231990233
5.206071013431013
5.209271794871795
5.212472576312577
5.215673357753359
5.218874139194139
5.222074920634921
5.225275702075703
5.228476483516483
5.231677264957265
5.234878046398047
5.238078827838829
5.2412796092796095
5.244480390720391
5.247681172161173
5.2508819536019535
5.2540827350427355
5.257283516483517
5.260484297924299
5.26368507936508
5.2668858608058615
5.2700866422466435
5.273287423687424
5.276488205128206
5.2796889865689876
5.2828897680097695
5.28609054945055
5.289291330891332
5.292492112332114
5.295692893772894
5.298893675213676
5.302094456654458
5.30529523809524
5.30849601953602
5.311696800976802
5.314897582417584
5.318098363858364
5.321299145299146
5.324499926739928
5.32770070818071
5.33090148962149
5.334102271062272
5.337303052503054
5.340503833943834
5.343704615384616
5.346905396825398
5.35010617826618
5.35330695970696
5.356507741147742
5.359708522588524
5.362909304029304
5.366110085470086
5.369310866910868
5.37251164835165
5.37571242979243
5.378913211233212
5.382113992673994
5.385314774114774
5.388515555555556
5.391716336996338
5.394917118437118
5.3981178998779
5.401318681318682
5.404519462759464
5.407720244200244
5.410921025641026
5.414121807081808
5.417322588522588
5.42052336996337
5.423724151404152
5.426924932844934
5.4301257142857144
5.433326495726496
5.436527277167278
5.4397280586080585
5.4429288400488405
5.446129621489622
5.449330402930404
5.452531184371185
5.4557319658119665
5.4589327472527485
5.462133528693529
5.465334310134311
5.4685350915750925
5.4717358730158745
5.474936654456655
5.478137435897437
5.481338217338219
5.484538998778999
5.487739780219781
5.490940561660563
5.494141343101345
5.497342124542125
5.500542905982907
5.503743687423689
5.506944468864469
5.510145250305251
5.513346031746033
5.516546813186815
5.519747594627595
5.522948376068377
5.526149157509159
5.529349938949939
5.532550720390721
5.535751501831503
5.538952283272285
5.542153064713065
5.545353846153847
5.548554627594629
5.551755409035409
5.554956190476191
5.558156971916973
5.561357753357755
5.564558534798535
5.567759316239317
5.570960097680099
5.574160879120879
5.577361660561661
5.580562442002443
5.583763223443225
5.586964004884005
5.590164786324787
5.593365567765569
5.596566349206349
5.599767130647131
5.602967912087913
5.606168693528693
5.609369474969475
5.612570256410257
5.615771037851039
5.618971819291819
5.622172600732601
5.625373382173383
5.6285741636141635
5.6317749450549455
5.634975726495727
5.638176507936509
5.6413772893772896
5.6445780708180715
5.6477788522588535
5.650979633699634
5.654180415140416
5.6573811965811975
5.6605819780219795
5.66378275946276
5.666983540903542
5.670184322344324
5.673385103785104
5.676585885225886
5.679786666666668
5.68298744810745
5.68618822954823
5.689389010989012
5.692589792429794
5.695790573870574
5.698991355311356
5.702192136752138
5.70539291819292
5.7085936996337
5.711794481074482
5.714995262515264
5.718196043956044
5.721396825396826
5.724597606837608
5.72779838827839
5.73099916971917
5.734199951159952
5.737400732600734
5.740601514041514
5.743802295482296
5.747003076923078
5.75020385836386
5.75340463980464
5.756605421245422
5.759806202686204
5.763006984126984
5.766207765567766
5.769408547008548
5.77260932844933
5.77581010989011
5.779010891330892
5.782211672771674
5.785412454212454
5.788613235653236
5.791814017094018
5.7950147985348
5.79821557997558
5.801416361416362
5.804617142857144
5.807817924297924
5.811018705738706
5.814219487179488
5.8174202686202685
5.8206210500610505
5.823821831501832
5.827022612942614
5.8302233943833945
5.8334241758241765
5.8366249572649584
5.839825738705739
5.843026520146521
5.8462273015873025
5.8494280830280845
5.852628864468865
5.855829645909647
5.859030427350429
5.862231208791209
5.865431990231991
5.868632771672773
5.871833553113555
5.875034334554335
5.878235115995117
5.881435897435899
5.884636678876679
5.887837460317461
5.891038241758243
5.894239023199025
5.897439804639805
5.900640586080587
5.903841367521369
5.907042148962149
5.910242930402931
5.913443711843713
5.916644493284495
5.919845274725275
5.923046056166057
5.926246837606839
5.929447619047619
5.932648400488401
5.935849181929183
5.939049963369965
5.942250744810745
5.945451526251527
5.948652307692309
5.951853089133089
5.955053870573871
5.958254652014653
5.961455433455435
5.964656214896215
5.967856996336997
5.971057777777779
5.974258559218559
5.977459340659341
5.980660122100123
5.983860903540905
5.987061684981685
5.990262466422467
5.993463247863249
5.996664029304029
5.999864810744811
6.003065592185593
6.006266373626375
6.0094671550671555
6.012667936507937
6.015868717948719
6.0190694993894995
6.0222702808302815
6.025471062271063
6.028671843711844
6.031872625152626
6.0350734065934075
6.0382741880341895
6.04147496947497
6.044675750915752
6.0478765323565336
6.051077313797314
6.054278095238096
6.057478876678878
6.06067965811966
6.06388043956044
6.067081221001222
6.070282002442004
6.073482783882784
6.076683565323566
6.079884346764348
6.08308512820513
6.08628590964591
6.089486691086692
6.092687472527474
6.095888253968254
6.099089035409036
6.102289816849818
6.1054905982906
6.10869137973138
6.111892161172162
6.115092942612944
6.118293724053724
6.121494505494506
6.124695286935288
6.12789606837607
6.13109684981685
6.134297631257632
6.137498412698414
6.140699194139194
6.143899975579976
6.147100757020758
6.15030153846154
6.15350231990232
6.156703101343102
6.159903882783884
6.163104664224664
6.166305445665446
6.169506227106228
6.17270700854701
6.17590778998779
6.179108571428572
6.182309352869354
6.185510134310134
6.188710915750916
6.191911697191698
6.19511247863248
6.1983132600732604
6.201514041514042
6.204714822954824
6.2079156043956045
6.2111163858363865
6.214317167277168
6.21751794871795
6.220718730158731
6.2239195115995125
6.2271202930402945
6.230321074481075
6.233521855921857
6.2367226373626385
6.239923418803419
6.243124200244201
6.246324981684983
6.249525763125765
6.252726544566545
6.255927326007327
6.259128107448109
6.262328888888889
6.265529670329671
6.268730451770453
6.271931233211235
6.275132014652015
6.278332796092797
6.281533577533579
6.284734358974359
6.287935140415141
6.291135921855923
6.294336703296705
6.297537484737485
6.300738266178267
6.303939047619049
6.307139829059829
6.310340610500611
6.313541391941393
6.316742173382175
6.319942954822955
6.323143736263737
6.326344517704519
6.329545299145299
6.332746080586081
6.335946862026863
6.339147643467645
6.342348424908425
6.345549206349207
6.348749987789989
6.351950769230769
6.355151550671551
6.358352332112333
6.361553113553115
6.364753894993895
6.367954676434677
6.371155457875459
6.374356239316239
6.377557020757021
6.380757802197803
6.383958583638585
6.387159365079365
6.390360146520147
6.393560927960929
6.3967617094017095
6.3999624908424915
6.403163272283273
6.406364053724055
6.4095648351648356
6.4127656166056175
6.4159663980463995
6.41916717948718
6.422367960927962
6.4255687423687435
6.4287695238095255
6.431970305250306
6.435171086691088
6.43837186813187
6.44157264957265
6.444773431013432
6.447974212454214
6.451174993894994
6.454375775335776
6.457576556776558
6.46077733821734
6.46397811965812
6.467178901098902
6.470379682539684
6.473580463980464
6.476781245421246
6.479982026862028
6.48318280830281
6.48638358974359
6.489584371184372
6.492785152625154
6.495985934065934
6.499186715506716
6.502387496947498
6.50558827838828
6.50878905982906
6.511989841269842
6.515190622710624
6.518391404151404
6.521592185592186
6.524792967032968
6.52799374847375
6.53119452991453
6.534395311355312
6.537596092796094
6.540796874236874
6.543997655677656
6.547198437118438
6.55039921855922
6.5536
