0
0
0
0
0
0
0
0
0
0
0
0
0
0
0
0
0
0
0
0
0
0
0
0
0
0
0
0
0
0
0
0
0
0
0
0
0
0
0
0
0
0
0
0
0
0
0
0
0
0
0
0
0
0
0
0
0
0
0
0
0
0
0
0
0
0
0
0
0
0
0
0
0
0
0
0
0
0
0
0
0
0
0
0
0
0
0
0
0
0
0
0
0
0
0
0
0
0
0
0
0
0
0
0
0
0
0
0
0
0
0
0
0
0
0
0
0
0
0
0
0
0
0
0
0
0
0
0
0
0
0
0
0
0
0
0
0
0
0
0
0
0
0
0
0
0
0
0
0
0
0
0
0
0
0
0
0
0
0
0
0
0
0
0
0
0
0
0
0
0
0
0
0
0
0
0
0
0
0
0
0
0
0
0
0
0
0
0
0
0
0
0
0
0
0
0
0
0
0
0
0
0
0
0
0
0
0
0
0
0
0
0
0
0
0
0
0
0
0
0
0
0
0
0
0
0
0
0
0
0
0
0
0
0
0
0
0
0
0
0
0
0
0
0
0
0
0
0
0
0
0
0
0
0
0
0
0
0
0
0
0
0
0
0
0
0
0
0
0
0
0
0
0
0
0
0
0
0
0
0
0
0
0
0
0
0
0
0
0
0
0
0
0
0
0
0
0
0
0
0
0
0
0
0
0
0
0
0
0
0
0
0
0
0
0
0
0
0
0
0
0
0
0
0
0
0
0
0
0
0
0
0
0
0
0
0
0
0
0
0
0
0
0
0
0
0
0
0
0
0
0
0
0
0
0
0
0
0
0
0
0
0
0
0
0
0
0
0
0
0
0
0
0
0
0
0
0
0
0
0
0
0
0
0
0
0
0
0
0
0
0
0
0
0
0
0
0
0
0
0
0
0
0
0
0
0
0
0
0
0
0
0
0
0
0
0
0
0
0
0
0
0
0
0
0
0
0
0
0
0
0
0
0
0
0
0
0
0
0
0
0
0
0
0
0
0
0
0
0
0
0
0
0
0
0
0
0
0
0
0
0
0
0
0
0
0
0
0
0
0
0
0
0
0
0
0
0
0
0
0
0
0
0
0
0
0
0
0
0
0
0
0
0
0
0
0
0
0
0
0
0
0
0
0
0
0.001705986903882841
0.006320515928285773
0.010661857484099547
0.014379183442813732
0.017420795318600385
0.02079092481445082
0.024483986910559176
0.028066969648751928
0.031958673622183714
0.035339578251976554
0.03863079487132074
0.04196879324291273
0.04552346422938259
0.04863818279739266
0.0518332750288144
0.0550071507853935
0.05852782722905303
0.0627549892284714
0.06731171006456056
0.07230743088406388
0.07659439981390301
0.08070573226209433
0.08456933563340117
0.08813441796693725
0.09142136273333311
0.09492689069816164
0.09826367411622958
0.10201299032521698
0.10640457971628565
0.1110315018679167
0.11592107471953327
0.12007451249357387
0.12442989613657285
0.12856211685151983
0.13261176868644736
0.1367694032412421
0.14159453048780846
0.14588154079574792
0.15052020269678976
0.15508382678605365
0.15985437038410924
0.1642602707512645
0.16854156912432444
0.1723918613696175
0.17658499179306128
0.1803502429328244
0.18392419158780035
0.18799953216591314
0.19210889119089497
0.19625348173913484
0.20080287972655123
0.205385971746414
0.2101973008258077
0.21441712976351746
0.21876235278098496
0.2229688924480825
0.2270193845117931
0.2311322173114422
0.23586377402734438
0.24058411102462868
0.24459043996389532
0.24843754879914867
0.2521626199207319
0.2550785867484276
0.2583748167207776
0.26220626802096914
0.2664124383817157
0.2709136016081374
0.27532621329522394
0.2798217831445182
0.2847087227925704
0.289473876462055
0.2951316583228082
0.30026247779721654
0.30527806786038275
0.31030197673080806
0.31478519059819615
0.31874387285707945
0.32311394769392776
0.32800263681570097
0.33343289134175536
0.3385511581297618
0.34363278208110226
0.348528547730275
0.3529166473109229
0.3578934632513312
0.36340854720970384
0.3690074609473221
0.37412766467473857
0.3792606386647562
0.3837047902298798
0.3881974889304294
0.3932358424893966
0.3977922721653801
0.4023970228112775
0.4075157779426944
0.4120350012902235
0.4165328497092159
0.4208014904976199
0.4254045233577502
0.429849922289561
0.43391351101094444
0.4374693331359603
0.4414466782846606
0.4450663109370708
0.4490434277605811
0.45321712496349903
0.45709909844543456
0.4612219837307282
0.4655500399929437
0.4693974400780884
0.4726768504505894
0.4758940257702696
0.4791269752249032
0.48255051647869013
0.4860815677010084
0.4898615885687745
0.4939284654134619
0.4973506779073914
0.501569590825083
0.5049541487890075
0.5084875883904914
0.5121775250953567
0.516004870819146
0.5202636405254447
0.5240843728048864
0.527946752164008
0.5316249043119594
0.5361859711640868
0.5403262110865868
0.544258512471349
0.5474718092089014
0.551076059496037
0.5550125415526099
0.5589511564740602
0.5631073003661572
0.5673873264748263
0.5716951028585376
0.5762009610300227
0.5806864801637195
0.5856817083837933
0.5909722304596099
0.5967976898312799
0.6016716780197323
0.6061966955821965
0.610220343308726
0.6148422393940282
0.6192466884195211
0.6237694940992465
0.6280786038839674
0.6326747520654159
0.6379405655730178
0.6432543203472908
0.6484372161533785
0.6525676560156621
0.6563967579415286
0.659853273949526
0.6632751648138983
0.6670188366553931
0.6711528030907673
0.6754247185423029
0.6798168371033078
0.6843569880339132
0.6878838983637712
0.6909489206993638
0.6938370893344512
0.6969340322190921
0.7011004461506731
0.704727104980508
0.7085203329874112
0.711915930826124
0.715625779164104
0.7192747079968497
0.7238393313455599
0.7279023967226204
0.7322768646562879
0.7372659175950909
0.7422849049093014
0.7481006797584913
0.753587599224529
0.7589478987296852
0.7641443143545935
0.7696305112908273
0.7752799370477773
0.7813395110071506
0.7868252254633332
0.7919775764385654
0.7969647061240078
0.8022231873267032
0.8070463539926654
0.8115079053398776
0.8152663259343484
0.8193767664924106
0.8243256638943127
0.8289561159043922
0.8338834958004457
0.838809581577403
0.8435478967062237
0.8479304202508738
0.8522799305258947
0.856227690391928
0.860752366211315
0.8654353863970657
0.87017481048844
0.8751275523693884
0.8792055137058349
0.884216648825085
0.8894287030706347
0.8940947338424293
0.8983338622316799
0.9021840085775024
0.9063329961081266
0.9105693730798279
0.9148582966502903
0.9195762798993572
0.9235868456406107
0.927635645769346
0.9314539382674436
0.9352699330095742
0.9394100259995352
0.9428828240216753
0.9462734219614732
0.9497602573409997
0.9543545410593
0.9593537327564804
0.9647898428961489
0.9704972553087181
0.9757790980263455
0.9803563843711824
0.9845626510575164
0.9890714095107311
0.9944175938156988
1.0000596716061174
1.004935863859201
1.0104259394309814
1.0162922332112059
1.0216386635405033
1.0264940347194556
1.0312484432758007
1.036839226727834
1.0423500766297915
1.0473096003331235
1.0525357622180826
1.0573488994320313
1.062245921140853
1.066972483836882
1.0710321677930785
1.0757080066097093
1.080348241985613
1.0846490070964923
1.0896169052710238
1.0945456592730596
1.0998841818296705
1.1063247407748147
1.1119350775767636
1.1176769804109654
1.1226968532956285
1.12704812447861
1.131819772975923
1.1359333654499095
1.139977456976161
1.143663165451144
1.1472203265333667
1.1510964243409745
1.15544724053874
1.1594303600546658
1.1639363423579054
1.1692173492495523
1.1738215488553958
1.1791849712452804
1.1845318856762106
1.1900389284556079
1.195647769664973
1.2013852180332367
1.2065673231501601
1.2119975486360162
1.2171473934730521
1.2215940881274163
1.2271710448007662
1.2317990151749638
1.236973849973974
1.2417916570063565
1.2469608540887256
1.252835701435729
1.2574222917486038
1.2618093291134298
1.2658616489729992
1.2705783598115021
1.276839103597057
1.2830987609325397
1.2889601519788547
1.2955434658657896
1.302062764273806
1.3090139884860972
1.3142289278288433
1.3191823743533135
1.3246185850341574
1.3301314337471977
1.3361590745480538
1.340868854892086
1.3456825455915833
1.3513038339785717
1.3571297728917437
1.363526230380859
1.3708085254509375
1.3777105718032872
1.3834981207850545
1.389425410217703
1.3948164939863932
1.399498111699919
1.4042483339639402
1.4105487517060482
1.4168595159606523
1.4234532667020572
1.4297432200458475
1.4359569693180698
1.442664772560462
1.448919115886072
1.4546658789533533
1.460031713506283
1.4649180583602865
1.471158854736197
1.4782463409965638
1.4856961929995698
1.4929067660900666
1.4987334536447772
1.5044898111339478
1.5107242937978758
1.5177607827336497
1.5248044946240324
1.5310212400381644
1.5361167856337854
1.541152676037915
1.5465466918004962
1.5527950810697162
1.5590241487635264
1.5637614600351002
1.5686302024621332
1.5746114108275804
1.5802438100214478
1.5866505765378474
1.5926192566676063
1.5988629950437623
1.6058056140553987
1.6129642440552483
1.6209155642810107
1.6288481861266884
1.6354037485808044
1.6415607237381846
1.64743078545635
1.6528839612957358
1.6574559530534372
1.6630441080662732
1.6690280419207804
1.6763109586506313
1.6836254508398851
1.6898573544671847
1.6959988568491493
1.7025201189874437
1.7094530540439952
1.7157595611805696
1.7236518144579376
1.730012478938201
1.7372126679017652
1.7446966629014617
1.7518998765707228
1.7592373372166987
1.7657346536025578
1.7732734301053747
1.7806980090503546
1.7885306290531051
1.795641345867193
1.8033797925193131
1.8104726536573554
1.8179233789643503
1.8245176016286335
1.8331482937374317
1.8415561269299037
1.849660264324353
1.856766024250025
1.8642956139003242
1.8720976488923071
1.8792847730078093
1.8858768157399726
1.8917168695559337
1.8979371445326512
1.904140243002029
1.912252292868599
1.9198789001615233
1.925562189151899
1.93231672443426
1.9398069856902773
1.9481614352099863
1.9580810472065637
1.9665143146452573
1.97461386150536
1.980515456563221
1.9882791172721028
1.994576970025707
1.9993172976650602
2.007022424385345
2.0152603411786947
2.0246308799243637
2.032720351473812
2.0387985988763933
2.0448021079674596
2.051989281401266
2.0597808812397354
2.0664841661343827
2.075347359362113
2.083425738110504
2.0934111907814845
2.101539796866692
2.1120083659557682
2.1203236811873847
2.128422719779762
2.138412382934838
2.1473871768707813
2.1567036263230333
2.164705872097712
2.174099975374871
2.182954519435468
2.189565148629352
2.197989284622714
2.2065734057554494
2.2184362444126635
2.231907321661227
2.2394710277864105
2.248952018440941
2.2586692607440115
2.268706608816547
2.279726721950731
2.290319707927511
2.3011956436989798
2.3076552585151857
2.313301735471597
2.321870271703717
2.330773724218808
2.3387470866107987
2.3465629980132174
2.3553810282033116
2.368704599933172
2.378419923531771
2.3877332836389416
2.3961872983290395
2.4045822089906137
2.413771011580387
2.42492327244308
2.4343122996275843
2.441831130251826
2.451436548973652
2.460200347049949
2.470473104497727
2.4824085986083166
2.49339449021219
2.505641513867878
2.519594444751612
2.529524585502375
2.5417483873934206
2.5541239503393487
2.57391765793014
2.5842364466635255
2.5959702917174243
2.6089186820388863
2.6218057027055797
2.6334475721051436
2.6479425370722898
2.6652800483042247
2.679785671192788
2.693445843913795
2.714787934728351
2.730341415838995
2.7455551604012727
2.761826529114811
2.775766428297237
2.7897870579700226
2.8110211560341503
2.829775043212562
2.838815253973362
2.8544406971569334
2.8672632369548237
2.8829939505637756
2.907538274139864
2.9281769575613277
2.954153254058382
2.9904397772889624
3.0128898537291158
3.0251205964487533
3.041119809003129
3.0557756639852593
3.0712194943612
3.0859230525257826
3.1044910111144226
3.1173081308323343
3.135767866169629
3.155472102483256
3.1788056874483854
3.2043817056016737
3.257731570482626
3.2822921715222932
3.3124010449481043
3.3371465832615557
3.371386171061172
3.4024901398569334
3.4432133990718095
3.4689902142017868
3.494002373448981
3.5243003443632084
3.5582076346744675
3.5714925120179624
3.60252643072778
3.6614465780003296
3.7316434360063404
3.754501724753634
3.833412826791215
3.9062848219379616
4.07884746896768
4.128819509120189
4.230642927292798
