-4.2035719390425506
-3.9885921889052223
-3.9020961812470585
-3.8866306552773295
-3.819677233538747
-3.797016794276334
-3.7777116351714013
-3.729838853719224
-3.650404474430669
-3.5796593191175
-3.5014380914176457
-3.452711473720122
-3.4344147912477334
-3.4232354905647586
-3.395342717274663
-3.368306736021671
-3.341601904583815
-3.3241558484012437
-3.2980737296275118
-3.2814577525534037
-3.2433381670342865
-3.222954503110517
-3.2075922396993666
-3.1820112926973687
-3.1567446443195735
-3.134291209338743
-3.1180954311812394
-3.0820130345048096
-3.0600403698631724
-3.040381796809764
-3.021969163746346
-3.001505741026703
-2.9797116946074222
-2.9635960194125217
-2.9486086914239964
-2.932758245289833
-2.9094009195243005
-2.887549643571469
-2.864016031058684
-2.8474784260999737
-2.8250447531846667
-2.8075113491198636
-2.795510868179163
-2.782492631394483
-2.7639461958517564
-2.750357975418357
-2.737843259617629
-2.7277389952243953
-2.7167140280750797
-2.700808023036314
-2.686448271330033
-2.6760004281277814
-2.663423932452032
-2.6455767522393696
-2.633390084871014
-2.619575954142428
-2.603355061820849
-2.5897377265266828
-2.5751537676993896
-2.5641414874633224
-2.5527078796481573
-2.5366839934539414
-2.5220467248658487
-2.510523613136773
-2.499293728417733
-2.4894749099756144
-2.479546079057873
-2.4655908972467224
-2.4561797425529277
-2.445704368609715
-2.435091032166535
-2.421156190232498
-2.4089324613498357
-2.3976595979360793
-2.3855551606935643
-2.3759879432756494
-2.368238651887234
-2.3591983550981928
-2.349934785092422
-2.338209606348748
-2.3265463680795833
-2.314169125036854
-2.3023259706108794
-2.2929225839335463
-2.283720844492375
-2.275276315068282
-2.2649876814787255
-2.2548698328420067
-2.24504388419554
-2.23655143072697
-2.226360517419115
-2.21433319142692
-2.2061622550680595
-2.1967783283589424
-2.1883162287336746
-2.1814272572709914
-2.17473978666473
-2.1667520282240273
-2.1580883204337753
-2.150705107206762
-2.1424853300074025
-2.1338377765373524
-2.124358370309914
-2.1164234780995117
-2.1097106630161186
-2.1032969991612442
-2.093315928520735
-2.084944710706411
-2.073624301441212
-2.0644016107962524
-2.055599943385373
-2.0461865978359137
-2.034367303072372
-2.024726039713991
-2.0159370149840647
-2.0093609241334014
-2.002060450736293
-1.991225174603867
-1.9811286339976508
-1.9716100121451101
-1.9640410753802862
-1.9562812127964249
-1.9481575520975534
-1.9396761524788575
-1.9305718374421992
-1.9219901417574876
-1.9127010533292024
-1.9026014035157985
-1.8943121015251172
-1.8861522900762748
-1.8785020640687469
-1.8702244764534013
-1.862745726859839
-1.8553193933732
-1.8471113131797166
-1.837282697760421
-1.8276606457994062
-1.8185132516254972
-1.8099618855858732
-1.8029537346241293
-1.795369710126003
-1.7885686522932078
-1.7810614187369855
-1.7755127933528088
-1.7701919989790624
-1.7647437695313046
-1.7588191250799559
-1.7518783430941278
-1.744814923069911
-1.7374080893226622
-1.7277972484980382
-1.7195514273235026
-1.7094759775134132
-1.699786309148491
-1.6924023094982832
-1.683541043895869
-1.6749048286730435
-1.6675951802827509
-1.6605930249986303
-1.6543658391922254
-1.6487020785407809
-1.6414866093119294
-1.6355870128503436
-1.6296112896543993
-1.6239530109417373
-1.6179829937457189
-1.6117349823953315
-1.6049553201563675
-1.597127599524269
-1.591586804545914
-1.5850791002141862
-1.578861646051921
-1.571075116882222
-1.564015198031217
-1.5571946431192343
-1.549928496974005
-1.5414448905470992
-1.5341781720307537
-1.527335350578808
-1.5201193286646648
-1.5142189139364068
-1.5090874221608486
-1.5036329908246204
-1.4979414302228469
-1.4924454993865106
-1.4873788600107625
-1.4821639183096922
-1.4771013367475392
-1.472039403010714
-1.466721849403125
-1.4620979922382866
-1.456509605620202
-1.4504822567517202
-1.444304869959873
-1.438318969652037
-1.432855339564564
-1.4262908115152289
-1.4209289446322
-1.415547575690274
-1.4101309183030946
-1.4051397680216058
-1.4000248009800047
-1.3949325905239072
-1.3908299458723161
-1.3860184982414208
-1.3815683125573073
-1.3761938070146758
-1.3707430257156352
-1.3653831454060106
-1.3598338030715953
-1.3546638938665367
-1.3493218385617518
-1.343673847766046
-1.3380526180725696
-1.3321184763078462
-1.3272204295453702
-1.3227774190946422
-1.3181238342548718
-1.3127068973667075
-1.307432106247069
-1.30234225504794
-1.2977900754400644
-1.2930768050004042
-1.2879476568332195
-1.2833261505538291
-1.278214342554738
-1.27229448500238
-1.2657783352337706
-1.2604378803177771
-1.2555550342809176
-1.2512753806351133
-1.2468602202993457
-1.2415620445617437
-1.2369033041975035
-1.2317239231530948
-1.2265164291177286
-1.2211885281829857
-1.2161365372468433
-1.2096614391754517
-1.202980017814487
-1.1951615450230109
-1.1889369734960205
-1.1843066878314228
-1.1807410849910007
-1.176482476809256
-1.1719889990452508
-1.1666764223701724
-1.1617894929904244
-1.1571436455293596
-1.1524500793264834
-1.1481385609642087
-1.14350839707809
-1.1377069463380558
-1.1318228820467897
-1.1264489188945652
-1.121278276192275
-1.1170124047118282
-1.1117592466175474
-1.1059588911614557
-1.1000343011409401
-1.094612650024865
-1.0892569662181737
-1.0846462838783555
-1.0795735206133688
-1.0747044866833426
-1.0695512670926222
-1.064876618161342
-1.0600269156788067
-1.055995407521644
-1.0513743527501662
-1.0462851057020086
-1.0412719995679274
-1.0358939980739534
-1.030402206755689
-1.024576273076274
-1.0195459251268457
-1.01427767606084
-1.0088462428326703
-1.0040335927395616
-0.9987342090255811
-0.9943660395343612
-0.9898012427865454
-0.9850154192052133
-0.9803460971758601
-0.9743902242702777
-0.9682651495962344
-0.9623097866851846
-0.9570956826668691
-0.9517248233207626
-0.9467529223124098
-0.9421865900944861
-0.9373915913090927
-0.9329420891586376
-0.9282026055423016
-0.922752358588713
-0.9185616862132766
-0.9149975629178807
-0.9115599550443912
-0.907894225172228
-0.903063685938593
-0.8985318395916553
-0.8944287483257461
-0.8896150897961336
-0.8853164073760732
-0.8804172172369109
-0.8762962159822537
-0.8722107214205453
-0.868098730747535
-0.8632705152056204
-0.8580030285774817
-0.853199050841834
-0.8490444943242467
-0.8454349129676262
-0.8417692750860057
-0.837960511968078
-0.8336616186116381
-0.8288658400630281
-0.8235574610824448
-0.817432848218437
-0.8124779617482086
-0.8075041141958362
-0.8026835489117008
-0.7978805308449212
-0.7932802606472887
-0.7891926574554528
-0.7854746176618111
-0.7815195587311704
-0.7766103924684352
-0.7725202402523617
-0.7687291621678651
-0.7642247886720163
-0.7603215233935546
-0.7554625039026898
-0.7504054722460028
-0.745099303136632
-0.7393567928545328
-0.7335495651454911
-0.7275144886996661
-0.7216068088586426
-0.7167597363703831
-0.7122945266947235
-0.7073050938617307
-0.7019941237250479
-0.6975243183921089
-0.6928078664168001
-0.687694068312564
-0.6835024291211815
-0.6791339571106206
-0.6750684277720898
-0.6713669996356891
-0.6677701946781308
-0.6635406067885112
-0.6598421281131182
-0.656492446284203
-0.6536118054589575
-0.6499477750953255
-0.6460712048838331
-0.6420743132375533
-0.6381874348250993
-0.6346518896642439
-0.6309909517091905
-0.6270496065091643
-0.6223919822758344
-0.6171342650429132
-0.6121742608307348
-0.6078662387143305
-0.6043048660888697
-0.6008588720699803
-0.5965956857222234
-0.5925811928924458
-0.5877779697541806
-0.5833154156141783
-0.5787074601528396
-0.5741660803788562
-0.5698163165032923
-0.5657239332381689
-0.561144495158328
-0.5568727004080332
-0.5525584942404512
-0.5479856127748444
-0.5446716891530133
-0.5404605792027549
-0.5359739246743983
-0.5309775706554078
-0.5258940448761641
-0.5208156344376126
-0.5164032834374661
-0.5122838770486644
-0.5076822251032246
-0.5032031967072788
-0.4986385829694495
-0.49384793358756346
-0.4900059115717966
-0.48560506755594446
-0.48117018758619284
-0.4765371811359422
-0.47105748962123806
-0.4662186521955326
-0.46117777162258744
-0.456918187628423
-0.4528577408042046
-0.4493706109424322
-0.4448395032596602
-0.43974418588075026
-0.4344101446621229
-0.42906312224864124
-0.42399038286985263
-0.41912741086237737
-0.41475842924044454
-0.4095123640439783
-0.40419909361458134
-0.3996167663462606
-0.3958262683707559
-0.3918007958716932
-0.3879361887173172
-0.38417371213445006
-0.38013422300413857
-0.37586071930183723
-0.3719272714977393
-0.36799114180161224
-0.36422471075286444
-0.36047232319355793
-0.35685449141739517
-0.35404607621393974
-0.3506672781425891
-0.34710668458952676
-0.3436580694730695
-0.3398629864594905
-0.33541191370200313
-0.33064115669938315
-0.32624699051893596
-0.32134297144384727
-0.31630523699296315
-0.3118137699995686
-0.3084200972996359
-0.3049808489793692
-0.3007876389935709
-0.2961498944540925
-0.29120400154107373
-0.2860212323936277
-0.2814635928216752
-0.27734023671075203
-0.2737806083940259
-0.26998017979226224
-0.2659902611715004
-0.2610514767088422
-0.256240296520654
-0.2512410814114272
-0.24650939247678355
-0.24197203194610922
-0.23778110261846006
-0.23318050457419373
-0.22817719597710942
-0.22339984386356496
-0.21794580311708467
-0.21243968188990478
-0.20758790494937465
-0.20246787300549193
-0.1977822638121529
-0.193776962903612
-0.1898863541997494
-0.18518728052014238
-0.18077806590045004
-0.1759319265820632
-0.17072612954757146
-0.16620560625349412
-0.16212747384811674
-0.15815818183565816
-0.15467275430599023
-0.1510740690612688
-0.14687448001537642
-0.14204626572260579
-0.13784213181522656
-0.13378204468820776
-0.1297141388914761
-0.12523149386019158
-0.12133605104328656
-0.117814279706735
-0.11440808656498914
-0.11080663696595962
-0.1076860293559884
-0.10309706490102111
-0.09832903119201684
-0.09419909059350412
-0.0895412939107124
-0.08505823232520723
-0.08036754874925557
-0.07586441860262666
-0.07106733795507295
-0.06652253883011475
-0.06233344401615954
-0.05804494732745026
-0.05348005278766378
-0.050217561577398956
-0.04673148854793821
-0.04303255493047595
-0.03886979355171368
-0.034388108606395136
-0.030256416087520582
-0.026035422285210198
-0.021567190046017638
-0.017295228639903664
-0.01288937977134308
-0.00741804815326426
-0.0027887439581019357
0.001705986903882841
0.006320515928285773
0.010661857484099547
0.014379183442813732
0.017420795318600385
0.02079092481445082
0.024483986910559176
0.028066969648751928
0.031958673622183714
0.035339578251976554
0.03863079487132074
0.04196879324291273
0.04552346422938259
0.04863818279739266
0.0518332750288144
0.0550071507853935
0.05852782722905303
0.0627549892284714
0.06731171006456056
0.07230743088406388
0.07659439981390301
0.08070573226209433
0.08456933563340117
0.08813441796693725
0.09142136273333311
0.09492689069816164
0.09826367411622958
0.10201299032521698
0.10640457971628565
0.1110315018679167
0.11592107471953327
0.12007451249357387
0.12442989613657285
0.12856211685151983
0.13261176868644736
0.1367694032412421
0.14159453048780846
0.14588154079574792
0.15052020269678976
0.15508382678605365
0.15985437038410924
0.1642602707512645
0.16854156912432444
0.1723918613696175
0.17658499179306128
0.1803502429328244
0.18392419158780035
0.18799953216591314
0.19210889119089497
0.19625348173913484
0.20080287972655123
0.205385971746414
0.2101973008258077
0.21441712976351746
0.21876235278098496
0.2229688924480825
0.2270193845117931
0.2311322173114422
0.23586377402734438
0.24058411102462868
0.24459043996389532
0.24843754879914867
0.2521626199207319
0.2550785867484276
0.2583748167207776
0.26220626802096914
0.2664124383817157
0.2709136016081374
0.27532621329522394
0.2798217831445182
0.2847087227925704
0.289473876462055
0.2951316583228082
0.30026247779721654
0.30527806786038275
0.31030197673080806
0.31478519059819615
0.31874387285707945
0.32311394769392776
0.32800263681570097
0.33343289134175536
0.3385511581297618
0.34363278208110226
0.348528547730275
0.3529166473109229
0.3578934632513312
0.36340854720970384
0.3690074609473221
0.37412766467473857
0.3792606386647562
0.3837047902298798
0.3881974889304294
0.3932358424893966
0.3977922721653801
0.4023970228112775
0.4075157779426944
0.4120350012902235
0.4165328497092159
0.4208014904976199
0.4254045233577502
0.429849922289561
0.43391351101094444
0.4374693331359603
0.4414466782846606
0.4450663109370708
0.4490434277605811
0.45321712496349903
0.45709909844543456
0.4612219837307282
0.4655500399929437
0.4693974400780884
0.4726768504505894
0.4758940257702696
0.4791269752249032
0.48255051647869013
0.4860815677010084
0.4898615885687745
0.4939284654134619
0.4973506779073914
0.501569590825083
0.5049541487890075
0.5084875883904914
0.5121775250953567
0.516004870819146
0.5202636405254447
0.5240843728048864
0.527946752164008
0.5316249043119594
0.5361859711640868
0.5403262110865868
0.544258512471349
0.5474718092089014
0.551076059496037
0.5550125415526099
0.5589511564740602
0.5631073003661572
0.5673873264748263
0.5716951028585376
0.5762009610300227
0.5806864801637195
0.5856817083837933
0.5909722304596099
0.5967976898312799
0.6016716780197323
0.6061966955821965
0.610220343308726
0.6148422393940282
0.6192466884195211
0.6237694940992465
0.6280786038839674
0.6326747520654159
0.6379405655730178
0.6432543203472908
0.6484372161533785
0.6525676560156621
0.6563967579415286
0.659853273949526
0.6632751648138983
0.6670188366553931
0.6711528030907673
0.6754247185423029
0.6798168371033078
0.6843569880339132
0.6878838983637712
0.6909489206993638
0.6938370893344512
0.6969340322190921
0.7011004461506731
0.704727104980508
0.7085203329874112
0.711915930826124
0.715625779164104
0.7192747079968497
0.7238393313455599
0.7279023967226204
0.7322768646562879
0.7372659175950909
0.7422849049093014
0.7481006797584913
0.753587599224529
0.7589478987296852
0.7641443143545935
0.7696305112908273
0.7752799370477773
0.7813395110071506
0.7868252254633332
0.7919775764385654
0.7969647061240078
0.8022231873267032
0.8070463539926654
0.8115079053398776
0.8152663259343484
0.8193767664924106
0.8243256638943127
0.8289561159043922
0.8338834958004457
0.838809581577403
0.8435478967062237
0.8479304202508738
0.8522799305258947
0.856227690391928
0.860752366211315
0.8654353863970657
0.87017481048844
0.8751275523693884
0.8792055137058349
0.884216648825085
0.8894287030706347
0.8940947338424293
0.8983338622316799
0.9021840085775024
0.9063329961081266
0.9105693730798279
0.9148582966502903
0.9195762798993572
0.9235868456406107
0.927635645769346
0.9314539382674436
0.9352699330095742
0.9394100259995352
0.9428828240216753
0.9462734219614732
0.9497602573409997
0.9543545410593
0.9593537327564804
0.9647898428961489
0.9704972553087181
0.9757790980263455
0.9803563843711824
0.9845626510575164
0.9890714095107311
0.9944175938156988
1.0000596716061174
1.004935863859201
1.0104259394309814
1.0162922332112059
1.0216386635405033
1.0264940347194556
1.0312484432758007
1.036839226727834
1.0423500766297915
1.0473096003331235
1.0525357622180826
1.0573488994320313
1.062245921140853
1.066972483836882
1.0710321677930785
1.0757080066097093
1.080348241985613
1.0846490070964923
1.0896169052710238
1.0945456592730596
1.0998841818296705
1.1063247407748147
1.1119350775767636
1.1176769804109654
1.1226968532956285
1.12704812447861
1.131819772975923
1.1359333654499095
1.139977456976161
1.143663165451144
1.1472203265333667
1.1510964243409745
1.15544724053874
1.1594303600546658
1.1639363423579054
1.1692173492495523
1.1738215488553958
1.1791849712452804
1.1845318856762106
1.1900389284556079
1.195647769664973
1.2013852180332367
1.2065673231501601
1.2119975486360162
1.2171473934730521
1.2215940881274163
1.2271710448007662
1.2317990151749638
1.236973849973974
1.2417916570063565
1.2469608540887256
1.252835701435729
1.2574222917486038
1.2618093291134298
1.2658616489729992
1.2705783598115021
1.276839103597057
1.2830987609325397
1.2889601519788547
1.2955434658657896
1.302062764273806
1.3090139884860972
1.3142289278288433
1.3191823743533135
1.3246185850341574
1.3301314337471977
1.3361590745480538
1.340868854892086
1.3456825455915833
1.3513038339785717
1.3571297728917437
1.363526230380859
1.3708085254509375
1.3777105718032872
1.3834981207850545
1.389425410217703
1.3948164939863932
1.399498111699919
1.4042483339639402
1.4105487517060482
1.4168595159606523
1.4234532667020572
1.4297432200458475
1.4359569693180698
1.442664772560462
1.448919115886072
1.4546658789533533
1.460031713506283
1.4649180583602865
1.471158854736197
1.4782463409965638
1.4856961929995698
1.4929067660900666
1.4987334536447772
1.5044898111339478
1.5107242937978758
1.5177607827336497
1.5248044946240324
1.5310212400381644
1.5361167856337854
1.541152676037915
1.5465466918004962
1.5527950810697162
1.5590241487635264
1.5637614600351002
1.5686302024621332
1.5746114108275804
1.5802438100214478
1.5866505765378474
1.5926192566676063
1.5988629950437623
1.6058056140553987
1.6129642440552483
1.6209155642810107
1.6288481861266884
1.6354037485808044
1.6415607237381846
1.64743078545635
1.6528839612957358
1.6574559530534372
1.6630441080662732
1.6690280419207804
1.6763109586506313
1.6836254508398851
1.6898573544671847
1.6959988568491493
1.7025201189874437
1.7094530540439952
1.7157595611805696
1.7236518144579376
1.730012478938201
1.7372126679017652
1.7446966629014617
1.7518998765707228
1.7592373372166987
1.7657346536025578
1.7732734301053747
1.7806980090503546
1.7885306290531051
1.795641345867193
1.8033797925193131
1.8104726536573554
1.8179233789643503
1.8245176016286335
1.8331482937374317
1.8415561269299037
1.849660264324353
1.856766024250025
1.8642956139003242
1.8720976488923071
1.8792847730078093
1.8858768157399726
1.8917168695559337
1.8979371445326512
1.904140243002029
1.912252292868599
1.9198789001615233
1.925562189151899
1.93231672443426
1.9398069856902773
1.9481614352099863
1.9580810472065637
1.9665143146452573
1.97461386150536
1.980515456563221
1.9882791172721028
1.994576970025707
1.9993172976650602
2.007022424385345
2.0152603411786947
2.0246308799243637
2.032720351473812
2.0387985988763933
2.0448021079674596
2.051989281401266
2.0597808812397354
2.0664841661343827
2.075347359362113
2.083425738110504
2.0934111907814845
2.101539796866692
2.1120083659557682
2.1203236811873847
2.128422719779762
2.138412382934838
2.1473871768707813
2.1567036263230333
2.164705872097712
2.174099975374871
2.182954519435468
2.189565148629352
2.197989284622714
2.2065734057554494
2.2184362444126635
2.231907321661227
2.2394710277864105
2.248952018440941
2.2586692607440115
2.268706608816547
2.279726721950731
2.290319707927511
2.3011956436989798
2.3076552585151857
2.313301735471597
2.321870271703717
2.330773724218808
2.3387470866107987
2.3465629980132174
2.3553810282033116
2.368704599933172
2.378419923531771
2.3877332836389416
2.3961872983290395
2.4045822089906137
2.413771011580387
2.42492327244308
2.4343122996275843
2.441831130251826
2.451436548973652
2.460200347049949
2.470473104497727
2.4824085986083166
2.49339449021219
2.505641513867878
2.519594444751612
2.529524585502375
2.5417483873934206
2.5541239503393487
2.57391765793014
2.5842364466635255
2.5959702917174243
2.6089186820388863
2.6218057027055797
2.6334475721051436
2.6479425370722898
2.6652800483042247
2.679785671192788
2.693445843913795
2.714787934728351
2.730341415838995
2.7455551604012727
2.761826529114811
2.775766428297237
2.7897870579700226
2.8110211560341503
2.829775043212562
2.838815253973362
2.8544406971569334
2.8672632369548237
2.8829939505637756
2.907538274139864
2.9281769575613277
2.954153254058382
2.9904397772889624
3.0128898537291158
3.0251205964487533
3.041119809003129
3.0557756639852593
3.0712194943612
3.0859230525257826
3.1044910111144226
3.1173081308323343
3.135767866169629
3.155472102483256
3.1788056874483854
3.2043817056016737
3.257731570482626
3.2822921715222932
3.3124010449481043
3.3371465832615557
3.371386171061172
3.4024901398569334
3.4432133990718095
3.4689902142017868
3.494002373448981
3.5243003443632084
3.5582076346744675
3.5714925120179624
3.60252643072778
3.6614465780003296
3.7316434360063404
3.754501724753634
3.833412826791215
3.9062848219379616
4.07884746896768
4.128819509120189
4.230642927292798
