0
0
0
0
0
0
0
0
0
0
0
0
0
0
0
0
0
0
0
0
0
0
0
0
0
0
0
0
0
0
0
0
0
0
0
0
0
0
0
0
0
0
0
0
0
0
0
0
0
0
0
0
0
0
0
0
0
0
0
0
0
0
0
0
0
0
0
0
0
0
0
0
0
0
0
0
0
0
0
0
0
0
0
0
0
0
0
0
0
0
0
0
0
0
0
0
0
0
0
0
0
0
0
0
0
0
0
0
0
0
0
0
0
0
0
0
0
0
0
0
0
0
0
0
0
0
0
0
0
0
0
0
0
0
0
0
0
0
0
0
0
0
0
0
0
0
0
0
0
0
0
0
0
0
0
0
0
0
0
0
0
0
0
0
0
0
0
0
0
0
0
0
0
0
0
0
0
0
0
0
0
0
0
0
0
0
0
0
0
0
0
0
0
0
0
0
0
0
0
0
0
0
0
0
0
0
0
0
0
0
0
0
0
0
0
0
0
0
0
0
0
0
0
0
0
0
0
0
0
0
0
0
0
0
0
0
0
0
0
0
0
0
0
0
0
0
0
0
0
0
0
0
0
0
0
0
0
0
0
0
0
0
0
0
0
0
0
0
0
0
0
0
0
0
0
0
0
0
0
0
0
0
0
0
0
0
0
0
0
0
0
0
0
0
0
0
0
0
0
0
0
0
0
0
0
0
0
0
0
0
0
0
0
0
0
0
0
0
0
0
0
0
0
0
0
0
0
0
0
0
0
0
0
0
0
0
0
0
0
0
0
0
0
0
0
0
0
0
0
0
0
0
0
0
0
0
0
0
0
0
0
0
0
0
0
0
0
0
0
0
0
0
0
0
0
0
0
0
0
0
0
0
0
0
0
0
0
0
0
0
0
0
0
0
0
0
0
0
0
0
0
0
0
0
0
0
0
0
0
0
0
0
0
0
0
0
0
0
0
0
0
0
0
0
0
0
0
0
0
0
0
0
0
0
0
0
0
0
0
0
0
0
0
0
0
0
0
0
0
0
0
0
0
0
0
0
0
0
0
0
0
0
0
0
0
0
0
0
0
0
0
0
0
0
0
0
0
0
0
0
0
0
0
0
0
0
0
0
0
0
0
0
0
0
0
0
0
0
0
0
0
0
0
0
0
0
0
0
0
0
0
0
0
0
0
0
0
0
0
0
0
0
0
0
0
0
0
0
0
0
0
0
0
0
0
0
0
0
0
0
0
0
0
0
0
0
0
0
0
0
0
0
0
0
0
0
0
0
0
0
0
0
0
0
0
0
0
0
0
0
0
0
0
0
0
0
0
0
0
0
0
0
0
0
0
0
0
0
0
0
0
0
0
0
0
0
0
0
0
0
0
0
0
0
0
0
0
0
0
0
0
0
0
0
0
0
0
0
0
0
0
0
0
0
0
0
0
0
0
0
0
0
0
0
0
0
0
0
0
0
0
0
0
0
0
0
0
0
0
0
0
0
0
0
0
0
0
0
0
0
0
0
0
0
0
0
0
0
0
0
0
0
0
0
0
0
0
0
0
0
0
0
0
0
0
0
0
0
0
0
0
0
0
0
0
0
0
0
0
0
0
0
0
0
0
0
0
0
0
0
0
0
0
0
0
0
0
0
0
0
0
0
0
0
0
0
0
0
0
0
0
0
0
0
0
0
0
0
0
0
0
0
0
0
0
0
0
0
0
0
0
0
0
0
0
0
0
0
0
0
0
0
0
0
0
0
0
0
0
0
0
0
0
0
0
0
0
0
0
0
0
0
0
0
0
0
0
0
0
0
0
0
0
0
0
0
0
0
0
0
0
0
0
0
0
0
0
0
0
0
0
0
0
0
0
0
0
0
0
0
0
0
0
0
0
0
0
0
0
0
0
0
0
0
0
0
0
0
0
0
0
0
0
0
0
0
0
0
0
0
0
0
0
0
0
0
0
0
0
0
0
0
0
0
0
0
0
0
0
0
0
0
0
0
0
0
0
0
0
0
0
0
0
0
0
0
0
0
0
0
0
0
0
0
0
0
0
0
0
0
0
0
0
0
0
0
0
0
0
0
0
0
0
0
0
0
0
0
0
0
0
0
0
0
0
0
0
0
0
0
0
0
0
0
0
0
0
0
0
0
0
0
0
0
0
0
0
0
0
0
0
0
0
0
0
0
0
0
0
0
0
0
0
0
0
0
0
0
0
0
0
0
0
0
0
0
0
0
0
0
0
0
0
0
0
0
0
0
0
0
0
0
0
0
0
0
0
0
0
0
0
0
0
0
0
0
0
0
0
0
0
0
0
0
0
0
0
0
0
0
0
0
0
0
0
0
0
0
0
0
0
0
0
0
0
0
0
0
0
0
0
0
0
0
0
0
0
0
0
0
0
0
0
0
0
0
0
0
0
0
0
0
0
0
0
0
0
0
0
0
0
0
0
0
0
0
0
0
0
0
0
0
0
0
0
0
0
0
0
0
0
0
0
0
0
0
0
0
0
0
0
0
0
0
0
0
0
0
0
0
0
0
0
0
0
0
0
0
0
0
0
0
0
0
0
0
0
0
0
0
0
0
0
0
0
0
0
0
0
0
0
0
0
0
0
0
0
0
0
0
0
0
0
0
0
0
0
0
0
0
0
0
0
0
0
0
0
0
0
0
0
0
0
0
0
0
0
0
0
0
0
0
0
0
0
0
0
0
0
0
0
0
0
0
0
0
0
0
0
0
0
0
0
0
0
0
0
0
0
0
0
0
0
0
0
0
0
0
0
0
0
0
0
0
0
0
0
0
0
0
0
0
0
0
0
0
0
0
0
0
0
0
0
0
0
0
0
0
0
0
0
0
0
0
0
0
0
0
0
0
0
0
0
0
0
0
0
0
0
0
0
0
0
0
0
0
0
0
0
0
0
0
0
0
0
0
0
0
0
0
0
0
0
0
0
0
0
0
0
0
0
0
0
0
0
0
0
0
0
0
0
0
0
0
0
0
0
0
0
0
0
0
0
0
0
0
0
0
0
0
0
0
0
0
0
0
0
0
0
0
0
0
0
0
0
0
0
0
0
0
0
0
0
0
0
0
0
0
0
0
0
0
0
0
0
0
0
0
0
0
0
0
0
0
0
0
0
0
0
0
0
0
0
0
0
0
0
0
0
0
0
0
0
0
0
0
0
0
0
0
0
0
0
0
0
0
0
0
0
0
0
0
0
0
0
0
0
0
0
0
0
0
0
0
0
0
0
0
0
0
0
0
0
0
0
0
0
0
0
0
0
0
0
0
0
0
0
0
0
0
0
0
0
0
0
0
0
0
0
0
0
0
0
0
0
0
0
0
0
0
0
0
0
0
0
0
0
0
0
0
0
0
0
0
0
0
0
0
0
0
0
0
0
0
0
0
0
0
0
0
0
0
0
0
0
0
0
0
0
0
0
0
0
0
0
0
0
0
0
0
0
0
0
0
0
0
0
0
0
0
0
0
0
0
0
0
0
0
0
0
0
0
0
0
0
0
0
0
0
0
0
0
0
0
0
0
0
0
0
0
0
0
0
0
0
0
0
0
0
0
0
0
0
0
0
0
0
0
0
0
0
0
0
0
0
0
0
0
0
0
0
0
0
0
0
0
0
0
0
0
0
0
0
0
0
0
0
0
0
0
0
0
0
0
0
0
0
0
0
0
0
0
0
0
0
0
0
0
0
0
0
0
0
0
0
0
0
0
0
0
0
0
0
0
0
0
0
0
0
0
0
0
0
0
0
0
0
0
0
0
0
0
0
0
0
0
0
0
0
0
0
0
0
0
0
0
0
0
0
0
0
0
0
0
0
0
0
0
0
0
0
0
0
0
0
0
0
0
0
0
0
0
0
0
0
0
0
0
0
0
0
0
0
0
0
0
0
0
0
0
0
0
0
0
0
0
0
0
0
0
0
0
0
0
0
0
0
0
0
0
0
0
0
0
0
0
0
0
0
0
0
0
0
0
0
0
0
0
0
0
0
0
0
0
0
0
0
0
0
0
0
0
0
0
0
0
0
0
0
0
0
0
0
0
0
0
0
0
0
0
0
0
0
0
0
0
0
0
0
0
0
0
0
0
0
0
0
0
0
0
0
0
0
0
0
0
0
0
0
0
0
0
0
0
0
0
0
0
0
0
0
0
0
0
0
0
0
0
0
0
0
0
0
0
0
0
0
0
0
0
0
0
0
0
0
0
0
0
0
0
0
0
0
0
0
0
0
0
0
0
0
0
0
0
0
0
0
0
0
0
0
0
0
0
0
0
0
0
0
0
0
0
0
0
0
0
0
0
0
0
0
0
0
0
0
0
0
0
0
0
0
0
0
0
0
0
0
0
0
0
0
0
0
0
0
0
0
0
0
0
0
0
0
0
0
0
0
0
0
0
0
0
0
0
0
0
0
0
0
0
0
0
0
0
0
0
0
0
0
0
0
0
0
0
0
0
0
0
0
0
0
0
0
0
0
0
0
0
0
0
0
0
0
0
0
0
0
0
0
0
0
0
0
0
0
0
0
0
0
0
0
0
0
0
0
0
0
0
0
0
0
0
0
0
0
0
0
0
0
0
0
0
0
0
0
0
0
0
0
0
0
0
0
0
0
0
0
0
0
0
0
0
0
0
0
0
0
0
0
0
0
0
0
0
0
0.0004455944376997199
0.0013976936259888733
0.0023172961371468606
0.0032231945536400717
0.004500991265655708
0.005704443330234152
0.006649612985073436
0.007820535476451066
0.008842585221655664
0.009669538934705527
0.010657336831209785
0.011650473520999108
0.012637025757527412
0.013703001387952551
0.014601749258938338
0.015407488328067697
0.016300572328844316
0.017119440402022377
0.017997876073694668
0.018946071975593514
0.01987902936348846
0.020716976785803445
0.02150401036625652
0.02230516734617298
0.02309850859063962
0.02425091132801331
0.025267928934742914
0.026242215472246828
0.02714770805424696
0.027943879751284453
0.02870894184056994
0.029411983238003585
0.030479592697311285
0.03160802891017233
0.032536452882741915
0.03365672151251969
0.03458087010261741
0.03573702329347165
0.036622969833811164
0.03775131168101166
0.03894531552992031
0.04004018767259951
0.041216726021521
0.04227164781078073
0.043418576793475154
0.04437799100540995
0.045088438413270766
0.04580798392392662
0.04650653553323765
0.047298706210660395
0.04818055245060425
0.04909426059802696
0.0498129518315761
0.050791426260640996
0.051816589815947486
0.0528059431041916
0.05372185154742956
0.05460408151722918
0.055400860717223326
0.05632005440299312
0.05712027847522431
0.05790270974598849
0.05887131323480857
0.05979240825414827
0.06087208817050875
0.06202440399741823
0.06302771304693984
0.06394551879860319
0.06501281379541775
0.0661912032353654
0.06734935453548241
0.06834326859196466
0.06980208152070241
0.07093200730028423
0.07178616244259585
0.07259658396276232
0.07338429794369122
0.07407362642604085
0.07498477255123366
0.07615858805784033
0.07724885574922041
0.07849457005859078
0.07945704740785124
0.0803445310999273
0.08135594882250488
0.08221917916210224
0.083143912165415
0.08394636268221344
0.0847870273453813
0.08587623537129359
0.08687049265832769
0.08782966216467315
0.08868168669206218
0.08945133146883377
0.0904179517389258
0.09128983926995915
0.09226270498049939
0.09300261582724972
0.0938296923412526
0.09461885592918078
0.09534194929279043
0.09640178162720113
0.09749245896977903
0.09841105662832705
0.09932417350971952
0.10014419844346416
0.10092292390539429
0.10161417721981506
0.10228293608415882
0.10311612058379147
0.10406870046822747
0.10533264372348505
0.10643713852369047
0.10758288422831364
0.10845756157234629
0.10949004286697808
0.11056393182131363
0.11132047202575178
0.11229565689121766
0.11313676446980772
0.1143130882836834
0.11534660432137162
0.11636236141667163
0.11723422120557496
0.11798499315178099
0.1188811177844411
0.11997978071232596
0.12111026862513984
0.12223191377438228
0.12343638973836658
0.124334175036617
0.12522620016411637
0.12636755004141617
0.12727959831853533
0.1284804213296363
0.12941561144021074
0.13038829672514932
0.13147001982088574
0.132630866646568
0.13382492424093106
0.1346933751983762
0.13530757491503634
0.13591685361143152
0.13664858363835944
0.13758386931703362
0.13848671458522316
0.1392406522043585
0.14038611140820006
0.1411878809016045
0.14223615942828466
0.14329117594682966
0.14428166273122425
0.1451544778766525
0.1459052877380666
0.14682445120864687
0.14807422993523078
0.1493301726971243
0.1504064029447563
0.15135378157804452
0.15218568357150863
0.1532597529359456
0.15435388190362032
0.1553161850574011
0.15609862321259044
0.15703413401827826
0.15799704153756622
0.1591500209719573
0.16009931196432414
0.16103329664957028
0.16196145010819796
0.16289368740867158
0.1643177024943281
0.16571634777171726
0.1670525919088156
0.16801849781868244
0.16904333944667763
0.16995954006642225
0.17070392178811972
0.17167500117098816
0.17321463472276555
0.17464048132475374
0.17590052532704809
0.1769837127378739
0.17793770303963058
0.1790985010453531
0.1801608549796542
0.18104827855380093
0.18227384595527296
0.18309920501535065
0.1841042523240464
0.1852193464969644
0.18649872870822015
0.18756277837799507
0.1883743336830215
0.1895950417394807
0.1905763267839503
0.19159263982546804
0.192513515767554
0.19344569069257736
0.19461213914766773
0.19588811489718025
0.19672130837094262
0.19753855715917285
0.19865304650478713
0.199831143435096
0.20066831229582202
0.20155367773419186
0.20238042073822093
0.2034202457826284
0.20410094467640572
0.2050888560394534
0.20602240712429787
0.20674776394966335
0.20764053514913844
0.2087193724809308
0.2095639653130934
0.21036842632578903
0.21106782089022844
0.21179323753653012
0.21251444951135742
0.21328990805737968
0.21427229583865762
0.2151576064258699
0.21626440955332024
0.21709397081073145
0.21823138289752653
0.21901133415634869
0.21990162046736533
0.22079725835799485
0.22163490203000377
0.22250407117093274
0.2234149659999987
0.22396334792566489
0.22467177882976413
0.22570272183872592
0.22650155533098126
0.22724198174857385
0.22812232521258535
0.2293678381509347
0.23038367159457518
0.23112119920304058
0.2322476362039684
0.23351996282620036
0.2344250689658089
0.23522531296562454
0.23597024499600594
0.23693769035418452
0.23786279562821086
0.23893818287206667
0.23993001078091938
0.2410028692523726
0.2419358365020752
0.24293114829067797
0.2438786240983007
0.24489194704174055
0.24600808008478608
0.2470948798753952
0.24787691569321946
0.24862101129646963
0.2495906269513161
0.25041982137823043
0.2514604888624361
0.2524907862023479
0.25336975314268834
0.25420279351588726
0.2551287219926562
0.2559675047934309
0.2568568405065806
0.2578502593823834
0.25873986039356905
0.25970588342934403
0.2605231076821261
0.26145760675314933
0.26215410030270037
0.2628281533525669
0.26349615669516846
0.2646201104653533
0.26586056104687716
0.26691820104948766
0.2679225331732466
0.2687013109108279
0.26952612536082354
0.27039354128239934
0.27141221840424445
0.2724759274264918
0.27334387924842335
0.27436458771260075
0.2756987203366781
0.2768907203331186
0.2781198705615758
0.2792126485262856
0.2800888644405795
0.28087698063668703
0.28179592462733194
0.28269337559007196
0.283509784921121
0.2844820015072543
0.2854533043669533
0.28633900064476175
0.28727830921259057
0.2884223668660183
0.28924770801106997
0.2899533939568949
0.2909763338475546
0.29201917516207865
0.2931775842269721
0.29401075344674393
0.29487455647230026
0.29596421379997245
0.29723822789299625
0.29833832227830237
0.29935054451503346
0.30049863147267686
0.3014969725335078
0.30235393049960907
0.3034295031117148
0.30443136831408735
0.30530586016153705
0.3061482768200227
0.3071820372237887
0.30829329874780126
0.30935033882958873
0.3104627742489911
0.3113080122357562
0.3120693481167529
0.31301765949372645
0.314295083837955
0.3154098737556805
0.3163947573568077
0.31730774287046243
0.3181839435905605
0.31904171183034763
0.32022887973029995
0.3213523318153943
0.3223710929570187
0.32345910315305715
0.3245035438905299
0.3255316934878858
0.32657475322392165
0.327624132484968
0.3286133178547078
0.3298112730377824
0.33093300867052283
0.33179362139128027
0.33264213441756374
0.33362518902925137
0.33464952952814137
0.3360488250061859
0.33738420817701
0.3385900375512304
0.33953328652236686
0.34047958097737463
0.34139207455827203
0.3423161560842123
0.3433259788497768
0.34425079099864436
0.34502188851860555
0.3459604299280419
0.34696485077871775
0.3480554571142409
0.34900620712910824
0.3501742943822195
0.35096014256053215
0.3519490858254305
0.3529695682034785
0.35416575830449515
0.35519373884878785
0.3559862142744457
0.35679103198195805
0.3578427541780527
0.358672610679067
0.3594231742810264
0.3604406002330873
0.3614448403121321
0.36240438331971064
0.3634748187362877
0.36465679253639166
0.3658036323608725
0.3668745650768385
0.36794361756448546
0.3689629440639875
0.36992107433015
0.37090744390868985
0.3721831671447091
0.37325614382652045
0.37422501388537516
0.3751470019883153
0.37600047064426073
0.3767267917009922
0.37761414730873055
0.3786716803264263
0.3797001124130871
0.38092732528633144
0.38192354086495783
0.3828650333600572
0.3837243261605619
0.3845204839386877
0.3853676474855578
0.3863819428063015
0.38754019057917705
0.3885622051571486
0.38942579205823613
0.39035697349805987
0.3911938147163007
0.39227150062226196
0.39322240106319367
0.3941108600407289
0.39497696177513203
0.3958051086100968
0.3969098198010195
0.3979211822611013
0.399007680895205
0.4000768270512401
0.4009551518499477
0.40176902851499535
0.40246883628715624
0.4034051590491686
0.40446086184354524
0.4057408924976696
0.4068942982389513
0.4076248089624434
0.40865781908966287
0.40971618434132956
0.4106370259487508
0.4117471210142237
0.4127969316201044
0.4136831412242689
0.41455761247462186
0.41531007344201804
0.41611861696557495
0.4168601233891731
0.4177753821241121
0.41883107149028975
0.4199762387238592
0.4212370299612164
0.4222161690332902
0.42344751188966157
0.4243227549307142
0.4252015214018336
0.426289678805015
0.42745464847033116
0.428483275917636
0.4294418008345902
0.43032340876247077
0.43159479385459254
0.432780474385382
0.4337473346441947
0.4347894899213096
0.4358863544925258
0.43672556798228296
0.43776406744203866
0.438928060770206
0.440239366087408
0.441267148056126
0.44229988005894894
0.4429167273214313
0.4439462127765535
0.44480907397045244
0.44587921261971475
0.446991294985492
0.4479913464812287
0.44900680432073276
0.45005035037807806
0.4513338581565079
0.452537509173873
0.4538257212556555
0.4550106431815555
0.45607093675582133
0.45703329969476914
0.45810172527552856
0.45929374432673753
0.46038529081337093
0.4614490947591005
0.46251237617126656
0.46345090236270986
0.46413082378735543
0.46495539186912277
0.4658177730586267
0.46677470828083767
0.4677168301901984
0.46892449958782967
0.46989282132887733
0.470850333063146
0.47189869686133484
0.4731507189944705
0.47432227558531925
0.4758887761516581
0.4774454549632209
0.47863737851211136
0.47957601688335466
0.48052393625289275
0.4812363897892788
0.482161358946909
0.48302464557030395
0.4840183854043641
0.48507575547413306
0.4859989894064145
0.4869164787309115
0.48789320905100786
0.48916161869353214
0.49025754575407715
0.49147551541880674
0.49266465484904187
0.49407922433292445
0.4951673443750825
0.49615343077177054
0.49715302519625
0.4983637341927058
0.499946579136197
0.5011864424141373
0.5021403303321338
0.5032683507823429
0.5041025835905595
0.5052644173340302
0.5063656881942101
0.5073006492640154
0.5082427611253698
0.509307317502238
0.510361507780264
0.511537801431395
0.5125002962940026
0.5133300654142107
0.514332648181274
0.5149619365529319
0.5157360513859617
0.5166934559360926
0.517734567310801
0.5189759770920774
0.5202746215928211
0.5213285112712186
0.5223725848771695
0.5233670094908821
0.5242974615028769
0.525251867901652
0.5266706736921187
0.5279837555501584
0.5289979593401437
0.5300602800561627
0.5312076430792498
0.5325225251063955
0.5335324488270766
0.5345066129989428
0.5355520674386126
0.5367065535961371
0.5379075748503337
0.5389675341960605
0.5398474858648281
0.5405353467600673
0.5413392949537777
0.5423017712629108
0.5433021862510382
0.5446712617847209
0.5459699916097249
0.5469002439020709
0.5474933041288652
0.5481068789183831
0.5492158057736047
0.5503999830997092
0.5517014877135195
0.5527591772535515
0.5538058645631166
0.5547233149620437
0.5555404772001183
0.5565298234357454
0.5574745554469696
0.5586919139220454
0.5595803469858431
0.5604100003038686
0.5616488525253512
0.5626248799175899
0.5634876122120374
0.5643151785015652
0.5651620015452367
0.566350922170323
0.5675214487203566
0.5686056126850626
0.5696512059671114
0.570757681963794
0.5715873122137356
0.5724312560921165
0.5734508774077269
0.5743924094223675
0.5752919548767699
0.5760971208164853
0.5770237651562811
0.5781406847267353
0.5796467254174027
0.5810983842619474
0.5822874944398262
0.5834939518802031
0.5844722109637309
0.5855656310799254
0.5863210995464159
0.5871192667006794
0.5882118618037051
0.5894275621470021
0.5904160020071476
0.5913691256794045
0.5923818522071176
0.5933357312264016
0.5947593053976191
0.5956602616008002
0.5966531842121695
0.5974012674241368
0.5983388148177845
0.5990771552628581
0.6001703032472915
0.6010421074333548
0.6018845059312194
0.6027312184223801
0.6040359708487598
0.6053422654921503
0.6065270760599712
0.6075598779261313
0.608467439257053
0.6095682554847078
0.6103877270588672
0.6113643625469611
0.612367845789621
0.6135537200158124
0.614573061925005
0.6154143886959528
0.6167050917655915
0.6178633283650696
0.6189737939052524
0.6200992600099337
0.621306288131284
0.6223107711153898
0.6233085149894064
0.6243350936705301
0.6256055792940813
0.6265884028321218
0.627652817915814
0.6288241918296398
0.6298929889482662
0.6310597778411388
0.6321853518585785
0.6334223539655294
0.6342845130369142
0.6352695890587571
0.636084222310542
0.637057968939906
0.6381972897575555
0.6391933974220956
0.6402336754246216
0.641552215250661
0.6426555616878749
0.6436470590958923
0.6448359160596643
0.64586000920455
0.6471527148331363
0.6482357952335505
0.649498964109347
0.6506130251298774
0.6517216204957048
0.6527972689266381
0.6539351817956398
0.6551529206160237
0.6563370110078899
0.6572664120560737
0.6582434700723668
0.6592487254818328
0.6601555096476708
0.6611707319773479
0.6623112523939798
0.6633348896125678
0.6643232967039804
0.6654457503675621
0.6667069137126754
0.667773242722907
0.6689517418675952
0.6702242501375716
0.671419928608006
0.672742067508461
0.673983731508015
0.6753235883142775
0.676289629845584
0.6770701334728797
0.6777952738760075
0.6788094587636105
0.680201844565666
0.6816532493406992
0.6829708781053871
0.6840412023643461
0.685118631120224
0.6861580162614284
0.6874545431146434
0.6886124469629312
0.6900716021907856
0.6916772043426485
0.6930437423549131
0.6942384179537563
0.6956709359975615
0.6968212656464172
0.6981084973330755
0.6989805435138468
0.6998940410859226
0.7008811060150626
0.7020478143496439
0.7030579105290905
0.7044938705966737
0.705906860705292
0.707191808774987
0.708316740557239
0.7095538482858705
0.7107481919421611
0.7115932942620236
0.7124032089554792
0.7134335644226444
0.7145088277680998
0.7156162848574471
0.7163970028543122
0.7174135976965568
0.7185486153564301
0.7195010710722585
0.7205392592734053
0.7215915193418648
0.7226402059209298
0.7235739132206975
0.7245100804886863
0.7255719635826094
0.7266681062057991
0.7276830108414084
0.7286840964602156
0.7297814658297221
0.7306534460527553
0.7315887119297215
0.7326153638943028
0.7338375141096806
0.7350942460752389
0.7363630270117282
0.7374211631907658
0.7383853858887508
0.7392897412741931
0.7402925518067844
0.7412758048639605
0.7421733192405264
0.7433753851261514
0.7444971850437645
0.7454350323283929
0.7466169023027017
0.7475184963609269
0.7487685865545185
0.7503375982348579
0.7515495126601529
0.7525200209609886
0.7535274550384554
0.7547716704329666
0.7563508527574351
0.7577946927320641
0.7585647075695928
0.7592893320401092
0.7599738489141246
0.7607056448544376
0.761975965353953
0.7631321464164524
0.7642213938271895
0.765162978800688
0.765963610365977
0.7668824368648155
0.7675547064368605
0.7686434571764403
0.7697341774466253
0.7709826898433901
0.7722580656619316
0.7731182470329727
0.7742016137375018
0.7753141221281011
0.776536967452959
0.7776940345786598
0.7789286068659204
0.7802287078181211
0.7814596831612958
0.78259131383513
0.7836814008263074
0.7848981117239614
0.7859546429067952
0.7868358991156744
0.7877551794381188
0.7889263492384699
0.7902320232119852
0.7914268049120372
0.7927775024969381
0.7938447919224275
0.7947454937774111
0.7957352214809684
0.7967302032742526
0.7978319702405952
0.7988958089469972
0.8002881596193755
0.8011642685155429
0.8021862314394265
0.8032290631547199
0.804433505901091
0.805737788909299
0.8066565059976655
0.8077960748026833
0.809209661445209
0.8105571501270918
0.8117811883471785
0.8129773257119748
0.8138867283460787
0.8147193734620484
0.815745585321126
0.8168540746912172
0.8176067717578741
0.818431311223166
0.819155277320178
0.8203473018031747
0.8214647668529563
0.8229938405121722
0.8243437586465735
0.8252058984115143
0.8258819127679324
0.8267708694021647
0.82817334498883
0.829415709439572
0.8304031015515976
0.8314473161775928
0.8326209481215283
0.8337770844505595
0.834778700828324
0.8360351604513817
0.8373539276500315
0.8383853805744821
0.8395431933930092
0.8406696794989047
0.8420206968839866
0.843221861957337
0.8442483385203686
0.8452190050231051
0.8462048050765628
0.847096435694205
0.8479236435305735
0.8491050305004899
0.8505389811053157
0.8520747156212164
0.8531408469693803
0.8541053490061883
0.8549284200059454
0.8562771037464254
0.8575810972394403
0.8584984607255073
0.8595108437139367
0.860625053476361
0.861646982367205
0.863011473836986
0.8641666637925252
0.8651322807704509
0.8662184240522551
0.8674543798302629
0.8686267708158325
0.8699361472587125
0.8709951683903904
0.8720132953518966
0.8730881062627248
0.8743318798385852
0.8752014588413048
0.8763143778551675
0.8773665612201319
0.8785909451175734
0.8799461400402675
0.8814906399812885
0.8823877774871423
0.8833255426060687
0.8848090394150984
0.8862332709260485
0.8873172924652574
0.8883945166934905
0.8898816275883151
0.8911330173997054
0.8922238174449313
0.89349118541679
0.8945869207915771
0.8958263905947678
0.8967102044925076
0.8977912194994874
0.8989771786686764
0.9001430081290235
0.9013419780916093
0.9023975732574459
0.9032497967506098
0.9045786819887774
0.9058775509873495
0.9069327842649479
0.9082822213287085
0.9096906596798457
0.9107076554923295
0.9116467431474184
0.9125830560008119
0.9134349618833354
0.9145813693071156
0.9158982558231091
0.9169545876419689
0.9185824543989017
0.919815480132647
0.9206899274165558
0.9215934187659156
0.9226035844579338
0.9239485449064561
0.9250123563335996
0.9261419444233765
0.9272026568459879
0.9279702304501994
0.9289521931446848
0.9299050092908273
0.9308931650944339
0.9322181839032591
0.9334936337060458
0.9344421154382678
0.9353869654683928
0.9360720530747575
0.9368965762370526
0.9380631460854819
0.9393424847190278
0.9404462585390063
0.9416054916648325
0.9428224772618354
0.944127843563515
0.9451920807443243
0.9462160102057313
0.947320720678839
0.9484372147882446
0.9495767484977498
0.9508662089427009
0.952190372692245
0.9536315552086716
0.955007773497741
0.9559865635791366
0.9570997326860606
0.9579746405118869
0.9588761780607197
0.9600265874713497
0.9610901121777694
0.9623356494715293
0.9636413044820868
0.965129912144726
0.9666790282478057
0.9680504682271965
0.9691765943419064
0.9701777728617063
0.9710629358682422
0.9722580153519208
0.9736406489602475
0.9750281799183189
0.9761655124907634
0.9775354379123358
0.9788081316431683
0.980243073656214
0.9815450096553495
0.9830788536093328
0.9843368826479484
0.9854998406650227
0.9868315553419469
0.9881552931934541
0.989111088831655
0.9903058591629973
0.9922457335655984
0.9938645443237284
0.9954124300688209
0.99661188030955
0.9977099550316557
0.9987094271039524
0.9996175081472577
1.0006046933151032
1.0018733782245934
1.0036403761145105
1.004748269473466
1.005798326821961
1.0069865580635846
1.0083884855274594
1.0099235442384025
1.011439325223333
1.0132169454346998
1.0145183763266803
1.0161823264309893
1.017200861550113
1.0184223575962996
1.019818705484024
1.021189188276807
1.0226318443834868
1.0237994953054113
1.0250911306512216
1.0262574739017156
1.0272336736217182
1.0285062167138475
1.0293832014638686
1.0304394782880195
1.0316129627614297
1.0327249566642636
1.0338540129543865
1.0349428592224619
1.0360106982050465
1.0367716570684726
1.0379035199942421
1.0391723281150316
1.040571460390647
1.041882189928941
1.0432812093699493
1.0448428544820854
1.0464204956797756
1.0479016049226846
1.0490956088762413
1.0504506963404936
1.0513651558452741
1.0523088735799766
1.053336703895367
1.054389545352132
1.0552111075475534
1.0563839637340644
1.0575061976654037
1.058720025663277
1.0596854018943793
1.0609185725112722
1.0617480791979985
1.0628478075953007
1.0640321472018577
1.0650706757071189
1.0665648453882532
1.0679081669928312
1.069293649208318
1.0706873723260584
1.0722690460135638
1.0735615461200958
1.074734810133031
1.0762189421932358
1.077531537641786
1.078710260288542
1.0799872054370319
1.0814545718191302
1.0826563548476813
1.0835000062033748
1.0847083166550913
1.0857643023433452
1.0868488534268677
1.088259107712321
1.08951576982637
1.0911724800586013
1.0927815202162914
1.094114554905192
1.0952292660667056
1.0964615957116648
1.0979432950898629
1.0992291390415598
1.100502269960386
1.1016062754288274
1.1029344181521354
1.1043878249311563
1.1058052031449643
1.1071880281425328
1.1084398008948728
1.1097683626117765
1.1109002905534338
1.1119103922403428
1.1129540851987092
1.1145929034484474
1.1160940083324111
1.1174196135440637
1.1185651419620524
1.1197832973033015
1.120871306419251
1.122350384086317
1.1236424139388737
1.1249049062822098
1.1261546582978068
1.1273109390739349
1.1285581582951982
1.1299742107641335
1.1313668434138862
1.132577431135998
1.1337013618731773
1.1347769023658805
1.135649464810569
1.1369632323047396
1.1381228289127239
1.139685537660276
1.141066261194372
1.1420411561783583
1.1434300731026328
1.1445843161180178
1.1462573190737868
1.1470109799759418
1.1483765680915543
1.1497197021445071
1.1511793213166437
1.1527596056631273
1.15439289225465
1.1555420243226442
1.1567005757073177
1.1582161773475237
1.159495938480583
1.1605663160372226
1.1616477436192538
1.1628111839191053
1.1639243059112423
1.1652068920502834
1.1663692139851365
1.1682346424492653
1.1693201402506228
1.1705628279120175
1.1719254604058966
1.1732876345282668
1.1747182472562474
1.1762803078039117
1.1775950030917826
1.1788300139800991
1.1797361456542164
1.1808624605506164
1.18206968765362
1.1831362607784837
1.1844199454676052
1.185855973830817
1.1873300707665633
1.1882941101887738
1.1895885901930987
1.190922517895464
1.191575628223561
1.192587782394842
1.1937781799020326
1.1950679551781513
1.1964167015690068
1.19748022790418
1.1991756026121183
1.200463730180274
1.2023732021340847
1.204130182456689
1.2055412891134025
1.2067848917652741
1.207895875322349
1.2090143470945474
1.2102358222705811
1.2116777426153795
1.2130283050614505
1.2143898365732202
1.2156002852958767
1.2165998329962213
1.2176234452845125
1.2185434932513441
1.2193960489469344
1.2205127328182448
1.2216449718396512
1.2229304203368112
1.224202529709521
1.2258331417170183
1.2270838871687817
1.2281758814524966
1.2290261531054771
1.2299236970742058
1.2309410884407705
1.231703487414536
1.232620180904913
1.234248925922448
1.2361684081869149
1.2381686320485517
1.2394705741787406
1.2404342141602076
1.2416396782742107
1.242968203160441
1.2440658516031813
1.2452869311117576
1.2466533282503076
1.247927619446634
1.249473175407061
1.2509394159663163
1.2526611166816009
1.2544573334278555
1.2556027896749828
1.2566991305669417
1.2576745346281044
1.2591415739123282
1.2610244974394416
1.2626059250077015
1.263864516127514
1.2650897541323713
1.2665272809884673
1.2679772428882201
1.269079484615621
1.27040099142081
1.2719837501795666
1.2733264230955417
1.2745858079684065
1.2759889047144621
1.2775802616700318
1.279077599507004
1.2806111778727198
1.2817487853655725
1.2825881710845355
1.283814771860451
1.2848197178110727
1.2857973916088028
1.286601309511555
1.2875235194980397
1.2884877531125776
1.2899249256879235
1.2913396140098363
1.2927756356523274
1.2939739278291384
1.2952282278237088
1.2965466173247413
1.2979628865137003
1.299321224291532
1.3004094591684792
1.3015026077035634
1.3025500556385379
1.3036436403044405
1.305539400999993
1.307148925869058
1.3087969059475935
1.3103286460884103
1.3118588247822924
1.3137780417780889
1.3150962619412012
1.3162945710017622
1.3179208573907317
1.3189642501687662
1.3207999000174315
1.322368468852728
1.323721460987668
1.3254352410861063
1.3269530653468489
1.3282869977414637
1.3298098989430527
1.3313071620621593
1.3328349582327534
1.3339985016259368
1.3352582565779985
1.3366737965531115
1.337711751851232
1.3388287901521196
1.3400773336896765
1.3415455081205387
1.3430819840583512
1.3446190367100859
1.3458058806217843
1.347091319077101
1.3484547018183273
1.3501108926627858
1.351849619396961
1.3534103351225348
1.3545326453410735
1.3563703323771554
1.3579070385280552
1.3594650813028821
1.3610039058756358
1.3620496992436995
1.3632514321845757
1.3643522116987945
1.36616200349019
1.3676243023671604
1.368862688327626
1.3696956720369011
1.3708863993498746
1.371997140117004
1.3737515317054194
1.3754891204075554
1.376643100887173
1.3778495566007427
1.3793757655650711
1.3810407449792228
1.3823795846129725
1.3841900819251665
1.385633277223332
1.3866558081211948
1.3880387479552092
1.3894648325930852
1.3908332887312809
1.391597903512533
1.3931689059974506
1.3945644885957402
1.396018437118821
1.397135887468564
1.3986404521476257
1.3998330672410189
1.4013837625910714
1.4029245514520727
1.4039281475817988
1.4051151516267262
1.4068549614040662
1.408758449577044
1.4102656867275267
1.4125399708201185
1.4140776366091485
1.415549039815443
1.4165991131756988
1.4173262906370152
1.4187739282410248
1.4198802511895732
1.4210562722514082
1.4223978894285216
1.4244927849618116
1.4259860743158403
1.426970884448977
1.4281209261879446
1.429004780715633
1.4303734160568606
1.4315660490430937
1.43279095177996
1.434200662516841
1.4356712623870616
1.4371963008693958
1.4386574853159584
1.4402298522775636
1.4418219421800564
1.4431958567301877
1.4448937273344975
1.446536225870932
1.4476744975733389
1.4493189776899869
1.4509821586918188
1.4525337743255369
1.453885730462755
1.4551258106711638
1.4565219113126235
1.4578887697266858
1.459413021963913
1.4608114904631466
1.4629122351346795
1.4644371993824388
1.4661443981592506
1.4672952389841796
1.4688829709821138
1.4704921499734145
1.4717706028852926
1.473433194335359
1.4749476898768745
1.4761385061397658
1.4777394073138133
1.4794524928862502
1.4805703758355693
1.4818699445951786
1.483526146107335
1.484963500074599
1.486380294733337
1.4875507230252207
1.4889287342307824
1.4903736870324111
1.491718573063196
1.4930727770846464
1.4948009695439237
1.4961656103697094
1.4973812200396361
1.4986683857616285
1.499874976877148
1.5011342881431364
1.5024628992690816
1.503561138852353
1.5044195448109294
1.5053748174516544
1.5068225020077937
1.5082286278710628
1.5099528695443298
1.5112424701984986
1.513160728136377
1.5150606757871163
1.5165405309039552
1.5178379485129105
1.5193211008007848
1.520404184122777
1.5225313140896797
1.5245762142316879
1.5260657628853407
1.527716715360311
1.5298124025852362
1.531916992664089
1.5334179806515313
1.5345457835123342
1.5361583095097808
1.5378252355455135
1.5395883058349331
1.5409089284574888
1.542279961084843
1.5437221624536483
1.5450097300434986
1.5464482029619178
1.548608895542156
1.550207397476826
1.5518813531036015
1.5527455667957948
1.5542579035514599
1.5554193260593474
1.5566868921211416
1.558266599258377
1.5600687820126127
1.5610733862089947
1.5621868596173152
1.563437876123277
1.564495061764471
1.5659213447928462
1.5671530338590491
1.5687906522847779
1.5702909808355292
1.5721769307002496
1.574844496279219
1.5765053866460739
1.5782089813894047
1.579458082567939
1.580602777460592
1.5817287808170348
1.5838441297437196
1.5857378549232384
1.587543063782912
1.58897070045994
1.590355850672319
1.5920278892873543
1.5935525668273414
1.5945844680859198
1.595512724266973
1.5970561687395077
1.598464538152322
1.6004287065742293
1.6026843448813717
1.6048387633421306
1.606198345256004
1.6074421819348599
1.6086401612473618
1.6099964033768646
1.6117456555049674
1.6128988458490645
1.6144847941439817
1.6160177238535127
1.6181681082730281
1.6200245948482686
1.6211495937569802
1.6227988042087835
1.6240923647233656
1.6258562716210814
1.6269333435429698
1.6284916310928808
1.629859543353288
1.6309504084677438
1.6316894085717595
1.6329416294914234
1.6343062568586453
1.6354333497901632
1.6367753188066196
1.637967023178327
1.6390848550536083
1.6402387111678456
1.6413998651143888
1.6431479536932856
1.6440326933285354
1.6458985946306313
1.6477734223421385
1.649939079194933
1.6512448439297298
1.6524717213709361
1.6535016117253094
1.6547558729436342
1.65678945975073
1.6589288159680604
1.6605140273139316
1.6621469081739668
1.6634259881694917
1.6650131283661742
1.666405501277936
1.6682474050020344
1.6704264662514485
1.6727307971587149
1.6748072859226688
1.6765082818935864
1.6783123005508431
1.6796259716967767
1.6812321859173383
1.6825317400630404
1.6837032739209945
1.6853461254607724
1.6875173056677906
1.6891485605583354
1.6903746543609712
1.6918534415982118
1.6937314791264224
1.6953166607304726
1.696699170514154
1.6980769805241716
1.7002931306157403
1.7027954810475696
1.7051063288504686
1.7067387591645993
1.7083087015252596
1.7099226526178604
1.711665466565442
1.7128769838980518
1.7143776738992715
1.7159431294848038
1.7169299845681496
1.7183428999961967
1.719790721499294
1.7217761396614413
1.723490610214935
1.7245741602814741
1.7260457111814935
1.7275445264859652
1.7288276813324384
1.730127078218697
1.7315739147042404
1.73291334689463
1.7342661451018782
1.7356395073672688
1.7376680115873457
1.7391516681325123
1.7410618151222348
1.7427883947731049
1.7446417559183556
1.7461928329732477
1.747827646255715
1.7492549893819498
1.7502669673528461
1.7520246024761312
1.753663070775363
1.7550081622162876
1.7564015303583616
1.7582249837977542
1.7601944316233182
1.7615749306260802
1.7629214707598027
1.7646314125004938
1.7666866276185522
1.7677492184841936
1.7698394444650798
1.7710098406039123
1.771942465887916
1.7732025144683328
1.7749730625146782
1.7763996520256964
1.7780876966521315
1.780467198766489
1.7829161890231366
1.7859100879509227
1.7876207156809414
1.7891244937968858
1.7905786281148135
1.792126214939595
1.793908604276423
1.7959312865317167
1.7979314175597372
1.8000188674067317
1.8024919364283096
1.8046724147761337
1.8066601805049713
1.8080391910695361
1.80972312738799
1.8110300539250443
1.8123084832903573
1.814013014832245
1.816101924030356
1.8177011110811492
1.819572412056378
1.8214518235531454
1.8229451967445478
1.8244140919094447
1.8260263590756636
1.8273442292589903
1.8300979664523307
1.8321336945709008
1.8345488065133984
1.8365377747959875
1.8389974383500958
1.8414980945801156
1.8437838992845867
1.8463097225080658
1.847918439789493
1.849353505249927
1.8505749112102217
1.8527265221461329
1.8544506325979677
1.8564608141268093
1.8583543399787703
1.8600468064082665
1.8619998015369783
1.8632009037391422
1.865422766022083
1.8672040832641001
1.8697191983833301
1.871440329795243
1.8730746332997994
1.874554376374038
1.8762444190153018
1.878165738043152
1.8799092913506497
1.8812625798668263
1.8825094915268163
1.884426586301346
1.8871490577487926
1.8884794356896102
1.8901573653138528
1.8917960785771673
1.8931911114473945
1.8946984602768142
1.8966522362568272
1.8982197157128797
1.8996220396815944
1.9015219424511933
1.902717779432267
1.9043501358718848
1.9061412766046713
1.9078357346664006
1.9096129275856382
1.911389164353976
1.9133402582952794
1.9149567578105564
1.9165444320708027
1.9191886087216148
1.9207664937433147
1.9220025276820794
1.9233754745003786
1.9249869938069797
1.9267249387124723
1.9292790709495444
1.9321474791636075
1.9344816619798682
1.9369510146546542
1.938696570259845
1.9414917315700067
1.942779575998716
1.9449113655865602
1.946324029276504
1.9475928640474274
1.9494946611066468
1.9524736506910318
1.9541218867754988
1.956534151268513
1.9586898491507987
1.9607088613152779
1.9622243082620756
1.9644281057217123
1.9671861494857716
1.9683301141411678
1.9707489375791765
1.972567967218457
1.9746901769865952
1.9766777907938802
1.9785197254425342
1.9804427665005477
1.98244085372159
1.9852841882234042
1.9872139626175667
1.9889954534646301
1.990632331849016
1.9926802880431709
1.9942946667265165
1.9959129855374178
1.9981002938619292
2.000320925950524
2.002391431824323
2.0045823144305617
2.0061368962851605
2.0084840994149844
2.011906565974542
2.0137284955630834
2.0155268664192176
2.0173449239922974
2.0196959595697317
2.022740454660511
2.0248994193766032
2.0272784403038036
2.029760207453373
2.0325576413658784
2.034831139636018
2.0373090239920644
2.039716879853015
2.041471852795813
2.0443218634347047
2.0478625957849275
2.051225847905243
2.0538497660295585
2.057106628557789
2.0588518130500097
2.0610121629840408
2.0623719911240865
2.0644167297623786
2.066107789826085
2.068270110272253
2.0722002258295324
2.07338189066205
2.075437933235819
2.0774312081172486
2.0802270145562574
2.0816735251093297
2.0841410660203286
2.085642307122529
2.0881656173033365
2.0895704239134396
2.091343018337737
2.093168113149291
2.0948763316879337
2.0964966263796985
2.0982793712128145
2.1000469832472506
2.101901299176026
2.104527404180114
2.1085442625522224
2.111444041641381
2.1131378595762675
2.1152255796938855
2.1163811412066003
2.1178756296701264
2.12049745559934
2.122240916824203
2.1235673546333693
2.124967854253508
2.12671228595583
2.129126754297039
2.1313145294846008
2.133461992340607
2.1357058505477116
2.137760171078967
2.140679287074612
2.1428989296394017
2.1454021017592626
2.148185684950937
2.150034874435285
2.1525571310733715
2.154191889152324
2.155348100553261
2.1578882768541385
2.1598497058328667
2.1624130096264262
2.164545465196721
2.167311927316101
2.170951164433065
2.173257624969742
2.1755534519731063
2.17816871931152
2.1818374485342393
2.184139734528424
2.1859742153676867
2.1879309684119685
2.1898820947540503
2.1921797508661705
2.195392539711005
2.197627887879296
2.1994723601048203
2.201066568045015
2.203600829955538
2.2059942515240167
2.2084281029447372
2.2105282562957482
2.2139533934675537
2.2160294273510903
2.2179092061371732
2.219519510183838
2.222388532793194
2.223928608085746
2.227024595087099
2.2291352402581843
2.231214080666504
2.2331103115402273
2.2353780336403646
2.2379102250881404
2.240099617805871
2.244458405124312
2.24665612344244
2.24962113251231
2.2519185028561735
2.254788570996352
2.257427988546811
2.259481718512813
2.2615231450263398
2.2628893414685582
2.2645454421186577
2.267197553362007
2.2690107881187367
2.270949083363616
2.273213507271686
2.275906519878159
2.2778984436971084
2.27968438687644
2.2831783605660037
2.2849335607671715
2.2876055218555553
2.2902118739833295
2.292791881502545
2.2942973938362075
2.296971149825315
2.2996262086198915
2.302335222398101
2.303715155920223
2.305682130529146
2.30815574455586
2.3106339825039823
2.313020425700464
2.316225726685778
2.319379921319645
2.322661310660474
2.3242430964334497
2.326558963862695
2.3295496989597937
2.3319049647420043
2.3334206620330074
2.336136425132943
2.337498655499728
2.340714285842062
2.342664780457447
2.3450863553687187
2.3481160673981565
2.3520753668282492
2.353938637091585
2.356839757662784
2.359981728188277
2.3623428961466493
2.3647345680636667
2.367846285724885
2.3718360385670176
2.3755802333684892
2.3796598655685517
2.382278419647821
2.3855741509952773
2.387312041433228
2.389200771498491
2.3908749061776677
2.393327752201189
2.3961728921257524
2.3995354406476035
2.40235426755007
2.4035147855027508
2.405759940661067
2.4087071673239286
2.411029306230889
2.4134494949987237
2.4152739217046015
2.4190833026965377
2.4217723236197313
2.424843365545688
2.4275119014112
2.43113037710536
2.4334012615986538
2.4346988748206075
2.4374509638623927
2.4393314464844957
2.4420498030952267
2.4447266962547967
2.4484525035381077
2.4503809324959036
2.452337964445353
2.4537225211879834
2.45662458042243
2.460160067920718
2.462461866475415
2.4656567015867474
2.4679456695566455
2.4700836948250404
2.472880576180767
2.475828989275517
2.4797314990867623
2.483215534805913
2.4850875119993336
2.4882106318244186
2.490766302937072
2.4939545309281383
2.4963330571303795
2.499305563670957
2.504901282445339
2.508972555269305
2.5142214044793834
2.516213551396842
2.5186536418292205
2.5218543456542823
2.523797701548537
2.526386883936497
2.5277153701158483
2.530337203760836
2.532784939647989
2.5375915481672786
2.5393583001649014
2.5440695348462743
2.5469264821697033
2.5492495525723005
2.5504039283554745
2.5522144727104767
2.5547962445383754
2.5563342373981293
2.559024240769083
2.561532448778106
2.567889111747956
2.570596754293074
2.5734607541327397
2.577927116117645
2.5828941521862507
2.5854580926836306
2.5890316031365748
2.593030139533493
2.5961622328869707
2.598622532147036
2.605658633024641
2.6091473203149196
2.6120415480875128
2.618013457956562
2.6216059191609293
2.625930920029014
2.628969283499581
2.6324961049100497
2.637220496428613
2.6446857755327695
2.6486647980524904
2.6520441321315826
2.6579545026543383
2.660576191588495
2.6667011811543713
2.6716251510582483
2.674884279118706
2.6788549292254498
2.6825776657595064
2.6847698553479646
2.687918476283036
2.689346673256524
2.691647702623841
2.6979541416474055
2.7013812956553167
2.706963101424599
2.709428685974308
2.7113230625684963
2.7156904834362536
2.720741490668848
2.724174042927707
2.729381778876585
2.731530491388848
2.733806373534601
2.7361159096822236
2.7395014848545616
2.7413926230572803
2.750474153026353
2.758987621947888
2.763076817444311
2.7662540551191572
2.7700803972873813
2.772635471120332
2.7778980890515514
2.7806080366473425
2.7846975698798966
2.787410112715923
2.792303371946124
2.7959953343261974
2.804197386287552
2.8117770866883443
2.8165850413570923
2.8285882000313847
2.8321487295749175
2.836205912964841
2.8416416855484212
2.8438168454238655
2.850285824386504
2.8558256547470764
2.8616040442657757
2.8679560264381085
2.8715368506773045
2.875269592852448
2.879749182302824
2.8859933532403734
2.8890986525012767
2.891733343028259
2.899906786321437
2.9040670426646407
2.907518920211765
2.9107405801944903
2.915458041306988
2.919483153267092
2.9264090026825356
2.928737232169502
2.9321375712593363
2.9353255086987917
2.9422784683220673
2.9446150260329027
2.948385074340149
2.954749568370801
2.958983971888707
2.9614491041825364
2.9655562244596716
2.9797387156909783
2.984167596180406
2.9871799244903303
2.9929502351022257
2.9955105039151775
3.0068413466857438
3.014105372432544
3.0165073233656314
3.019433747406121
3.023458400956625
3.0265904053557056
3.035817949147279
3.040553917944404
3.0440536844604162
3.0531379009596047
3.055840901730526
3.0583481892656486
3.069614601772999
3.0744292795376027
3.0793837836056444
3.0860452102415246
3.0920958482986953
3.096255613750115
3.100016854611226
3.107668399581299
3.1119896425899602
3.1174707895353087
3.1225452897232207
3.130027441776603
3.13440627666181
3.1369412331537223
3.1388012991990406
3.1434183599896284
3.1523334039395046
3.1598747165277525
3.163624282613767
3.1734992294772506
3.1762348738598574
3.178862560534691
3.1891968995102706
3.20084463101324
3.214992929366977
3.257731570482626
3.280116939686402
3.2832684407240325
3.2868653286264857
3.309427366227192
3.3213220811108406
3.3283004736480915
3.341569638068288
3.3638658087526476
3.3673803582903554
3.3771492586008427
3.4024901398569334
3.440006557679274
3.446420240464345
3.4689902142017868
3.492288881399817
3.4957158654981457
3.518057791614919
3.5216217425808245
3.5273453358081492
3.530176507448941
3.5582076346744675
3.5714925120179624
3.60252643072778
3.6614465780003296
3.7316434360063404
3.754501724753634
3.833412826791215
3.9062848219379616
4.07884746896768
4.128819509120189
4.230642927292798
