-0.0093254370572557
-0.00973957528521397
-0.010171429326049202
-0.010621713213207783
-0.011091166769429171
-0.01158055631833212
-0.012090675397373704
-0.012622345470189726
-0.01317641663609999
-0.01375376833431859
-0.014355310040145891
-0.014981981950133639
-0.015634755652907027
-0.016314634781995307
-0.017022655646663783
-0.01775988783635413
-0.018527434793924075
-0.019326434352429693
-0.0201580592297131
-0.021023517474541557
-0.021924052857489513
-0.022860945199161195
-0.02383551062771485
-0.024849101756968306
-0.025903107775637865
-0.02699895443748495
-0.028138103941315402
-0.02932205468889275
-0.0305523409078867
-0.03183053212597776
-0.03315823248117853
-0.03453707985230763
-0.03596874479236109
-0.03745492924626986
-0.03899736503320384
-0.0405978120721874
-0.04225805632832338
-0.04397990745538371
-0.04576519610891645
-0.04761577090233932
-0.04953349497674457
-0.05152024215332939
-0.05357789263549504
-0.055708328225732816
-0.05791342702044332
-0.06019505754382297
-0.06255507227991493
-0.06499530055986955
-0.06751754075940826
-0.07012355175945767
-0.07281504362093447
-0.07559366742274606
-0.07846100421025536
-0.0814185529997766
-0.08446771778315974
-0.08760979347523112
-0.09084595074583872
-0.09417721967755478
-0.09760447218978675
-0.10112840317020573
-0.10474951025510079
-0.10846807220159486
-0.11228412579670774
-0.1161974412511279
-0.12020749602937084
-0.12431344707287452
-0.12851410137864702
-0.13280788490346787
-0.13719280977249884
-0.14166643978163299
-0.14622585419515052
-0.15086760985441344
-0.1555877016295765
-0.1603815212647596
-0.16524381468797214
-0.17016863788041994
-0.1751493114257891
-0.18017837388876004
-0.18524753420343468
-0.19034762328657032
-0.19546854512748316
-0.2005992276461255
-0.2057275736530133
-0.2108404122891416
-0.21592345137047506
-0.2209612311096165
-0.22593707973630653
-0.23083307158786281
-0.23562998828973739
-0.240307283694151
-0.24484305329020967
-0.2492140088408208
-0.2533954590387794
-0.25736129700513927
-0.261083995475836
-0.2645346105358359
-0.26768279476211143
-0.27049682062573943
-0.27294361497763975
-0.2749888054002573
-0.27659677914730496
-0.27773075531419783
-0.27835287078196225
-0.2784242803565126
-0.2779052713829731
-0.2767553929514528
-0.27493359962719244
-0.2723984094357817
-0.269108075615398
-0.26502077141565095
-0.26009478698030364
-0.2542887371032466
-0.2475617783986609
-0.2398738341829441
-0.23118582513374716
-0.22145990357675605
-0.21065968906015303
-0.19875050271638303
-0.18569959778703407
-0.17147638360481166
-0.15605264029146051
-0.1394027214457626
-0.12150374216383074
-0.10233574985589336
-0.08188187549913721
-0.06012846319285149
-0.03706517615643612
-0.012685077627611391
0.013015314529251218
0.04003600031415211
0.06837349759146241
0.09802086959890192
0.12896777955587133
0.1612005715616597
0.19470237659345305
0.2294532420614806
0.2654302830618553
0.3026078531933581
0.34095773257773454
0.3804493305476905
0.4210499003448127
0.4627247631015469
0.5054375383660759
0.5491503784640844
0.5938242040732247
0.6394189385098928
0.6858937383882708
0.7332072185022497
0.7813176689955914
0.8301832631179057
0.8797622541073714
0.9300131599895763
0.9808949353297621
1.0323671292180385
1.084390028999528
1.1369247894801462
1.18993354754092
1.2433795222772617
1.2972271009428882
1.3514419111202425
1.4059908796602438
1.460842279033968
1.5159657618183908
1.571332384098477
1.6269146186101597
1.6826863584744969
1.7386229123842818
1.7947009921024195
1.8508986931180205
1.9071954692833029
1.9635721022237171
2.0200106662765847
2.076494489671644
2.1330081126214964
2.1895372429421105
2.246068709774479
2.3025904159291164
2.359091289325978
2.4155612339543784
2.471991080731074
2.528372538590169
2.584698146096343
2.6409612238332794
2.697155827782189
2.7532767038710784
2.8093192438440657
2.865279442571309
2.921153856894169
2.9769395660769242
3.0326341339154714
3.08823557253497
3.1437423078921976
3.199153146984167
3.2544672467523132
3.30968408466115
3.3648034309213704
3.4198253223199915
3.474750037614135
3.5295780744400926
3.5843101276855354
3.638947069269867
3.693489929275665
3.7479398783727738
3.8022982114760184
3.856566332577255
3.910745740692792
3.9648380168679935
4.0188448121817695
4.072767836695034
4.126608849288712
4.180369648338531
4.234052063175636
4.287657946284071
4.341189166188035
4.394647600983927
4.448035132474236
4.501353640862367
4.554604999969516
4.607791072936774
4.660913708377559
4.713974736947422
4.7669759683001285
4.81991918840079
4.872806157168424
4.925638606422202
4.978418238107057
5.031146722775984
5.083825698307802
5.136456768840519
5.189041503901824
5.24158143771938
5.294078068694951
5.346532859027346
5.398947234470326
5.451322584212604
5.503660260868003
5.555961580564675
5.6082278231232285
5.660460232314238
5.71266001618647
5.764828347457764
5.816966363961181
5.869075169139574
5.921155832582388
5.973209390598886
6.0252368468226
6.077239172842152
6.1292173088540975
6.1811721643337325
6.233104618720273
6.28501552211304
6.33690569597567
6.388775933845617
6.4406270020465
6.492459640401062
6.544274562942745
