-4.2035719390425506
-3.9198538016691673
-3.786938897569309
-3.6150318967740844
-3.494176824096274
-3.413658684220688
-3.3144157920183646
-3.229728745341338
-3.152237884081198
-3.0452024776574897
-2.9705003379349906
-2.909141643660597
-2.835548055024368
-2.7700260838491815
-2.71873803912422
-2.6608712022422165
-2.606346651926495
-2.5600315611060784
-2.5149659064517977
-2.4706114295204484
-2.4287550952938215
-2.383875009234701
-2.344997468460452
-2.3121231011847723
-2.2754379005998118
-2.2365234683147497
-2.194595733783379
-2.150346348180406
-2.110714673161419
-2.0768165864333823
-2.0432470852274913
-2.013342381379401
-1.9774368670405624
-1.943055940637392
-1.9047609777332
-1.8691747192209036
-1.8333631283290055
-1.7999609488367914
-1.7705253621666937
-1.741877070438504
-1.7108681447107081
-1.6797245788915443
-1.648053169614896
-1.6208969771865558
-1.595347732973589
-1.5723631273169703
-1.548516352299997
-1.5229957667246812
-1.4979728309026112
-1.4739489207119385
-1.450933302607048
-1.4285997816579732
-1.4076376573558091
-1.385618291581739
-1.3618292768764608
-1.3396944604713372
-1.3181171466420736
-1.2966826580847586
-1.2769481473675137
-1.2574301487246418
-1.23928810877106
-1.2189979744580692
-1.199593373610072
-1.1794975724571581
-1.160729740040837
-1.143313935451112
-1.1249287576993692
-1.1056196349388077
-1.0859877550715136
-1.0653660591322949
-1.0436464868397872
-1.0223618626604243
-1.0015592018860882
-0.9825665016031311
-0.9641573588961568
-0.9474498583985403
-0.9314275871551319
-0.9146241842129664
-0.8961504078668123
-0.8746770954712929
-0.8530738572474882
-0.832924247420004
-0.8124344567321633
-0.7932932158472085
-0.773945549945594
-0.7539968347625093
-0.7341681346258178
-0.7142682433666374
-0.6938026328512603
-0.6732081380935081
-0.6535407666056514
-0.6339260473242563
-0.6155126573753052
-0.5983782538461012
-0.5810340372505548
-0.5636507431221841
-0.5462369289602172
-0.5302793261469992
-0.5143306846022815
-0.4980753138657926
-0.4818762754666971
-0.46406180403707614
-0.44689905098661065
-0.42679725842391475
-0.40672536175485047
-0.387559723416653
-0.3678803180310344
-0.34868400691669
-0.3282146080291828
-0.30985583685683216
-0.29140204345185045
-0.27284705299739126
-0.25386868399356727
-0.23601897754711462
-0.21884564272611665
-0.20141243576095821
-0.18420824325883017
-0.1666185871964384
-0.1486554646576797
-0.1297784211182603
-0.11087330697248433
-0.09180758598288093
-0.07505182070919847
-0.059610379863639915
-0.044900021975591724
-0.029577000524356776
-0.01549991632556939
-0.0022614158020873823
0.010903012431736104
0.023751821003208627
0.03750654440960222
0.05192940380368452
0.06759189867306983
0.08474567736112038
0.10167341149288633
0.11843831073192802
0.13505176650640746
0.15066620854489055
0.16555608571778951
0.17896808159567057
0.1919423444161818
0.20595325523262256
0.22079625109553394
0.23697408108109377
0.25353435596699103
0.2709632032075276
0.287668823686593
0.30341198223803
0.31828332536930065
0.333093513730103
0.3488987800112122
0.3661729844101826
0.3851195753628999
0.405601543341041
0.4274257577024492
0.4469488863491052
0.4626808589955165
0.4776545880579283
0.4925901739493666
0.5077400770736548
0.5230025186545928
0.5381210443567295
0.553762079511457
0.5697792184460974
0.5862713598586978
0.6032651922618383
0.619976478108138
0.6362956596519216
0.6517484850984103
0.6669681139617657
0.6823586876015473
0.6981192984058154
0.7140821183752132
0.7307549064969838
0.7473899848070484
0.7635957996736275
0.7799232619103859
0.7960305397350842
0.8127582082800109
0.8319811437213647
0.8511610993419586
0.8702735463304346
0.8899233066017209
0.9094745599742683
0.9310047622071325
0.9526409623925792
0.9765495064521394
0.9990338437017281
1.0220823839593431
1.0466681695618227
1.0721966226922572
1.0980930609277524
1.1216151497545486
1.145243200065803
1.1681102683755957
1.1907882017077391
1.2138213013113672
1.2365566392963363
1.258851938523739
1.277721092355045
1.2946926185078378
1.314044595018266
1.334885200832586
1.356618080758535
1.3804886202400597
1.403765133420503
1.4288173783584615
1.4539920979434244
1.4782085010817474
1.5006468130173003
1.5201011805806095
1.5406354969290494
1.5608065498751196
1.5793036790568606
1.6009376731817577
1.625066407895012
1.6531094016242365
1.6868057525596718
1.7233896324644928
1.7599121679453142
1.7943662758011532
1.8265161602781086
1.8593903194479142
1.89165496818509
1.9211396436840755
1.9471014458496791
1.9747249223568932
2.0008436393292155
2.031291028048804
2.059732610028353
2.088184151569847
2.1175266358298104
2.1481300580718137
2.1815107932060096
2.2185107747771484
2.2631824395842655
2.3081710416553185
2.351351435154902
2.4036083453320223
2.4588265325649994
2.5137785509906174
2.5692238815427775
2.6196099650487805
2.6779548689964057
2.731137131396107
2.7902945244774906
2.863483804680559
2.931010972820362
3.013591128122164
3.092003975387114
3.161095777919784
3.300894894942391
3.405431479555878
3.550714952205314
3.806460702372288
4.146103301793556
