-0.0093254370572557
-0.009350721757659481
-0.009376072638578608
-0.009401489863937932
-0.00942697359803018
-0.009452524005516544
-0.009478141251427413
-0.009503825501162959
-0.009529576920493853
-0.009555395675561898
-0.00958128193288067
-0.009607235859336228
-0.009633257622187709
-0.009659347389068056
-0.009685505327984616
-0.009711731607319841
-0.00973802639583195
-0.009764389862655544
-0.009790822177302337
-0.009817323509661743
-0.00984389403000161
-0.009870533908968835
-0.009897243317590024
-0.009924022427272201
-0.009950871409803408
-0.009977790437353432
-0.010004779682474405
-0.010031839318101523
-0.010058969517553688
-0.010086170454534148
-0.010113442303131215
-0.010140785237818863
-0.010168199433457469
-0.010195685065294401
-0.010223242308964741
-0.010250871340491935
-0.010278572336288429
-0.010306345473156384
-0.01033419092828829
-0.010362108879267692
-0.01039009950406979
-0.010418162981062155
-0.01044629948900539
-0.010474509207053754
-0.010502792314755899
-0.010531148992055461
-0.010559579419291797
-0.010588083777200587
-0.01061666224691456
-0.010645315009964138
-0.010674042248278066
-0.01070284414418416
-0.010731720880409888
-0.010760672640083103
-0.010789699606732688
-0.010818801964289198
-0.010847979897085585
-0.010877233589857796
-0.010906563227745516
-0.010935968996292764
-0.010965451081448615
-0.010995009669567849
-0.011024644947411599
-0.011054357102148062
-0.011084146321353114
-0.011114012793011042
-0.011143956705515141
-0.011173978247668435
-0.011204077608684344
-0.011234254978187296
-0.011264510546213474
-0.011294844503211408
-0.011325257040042714
-0.011355748347982688
-0.01138631861872104
-0.011416968044362536
-0.011447696817427631
-0.011478505130853201
-0.01150939317799315
-0.01154036115261913
-0.011571409248921149
-0.011602537661508299
-0.011633746585409385
-0.011665036216073581
-0.011696406749371153
-0.011727858381594042
-0.011759391309456612
-0.011791005730096255
-0.011822701841074085
-0.011854479840375617
-0.011886339926411381
-0.01191828229801765
-0.011950307154457038
-0.011982414695419233
-0.01201460512102162
-0.012046878631809931
-0.012079235428758963
-0.012111675713273174
-0.012144199687187412
-0.012176807552767519
-0.012209499512711032
-0.012242275770147845
-0.012275136528640831
-0.012308081992186562
-0.012341112365215902
-0.012374227852594745
-0.012407428659624598
-0.0124407149920433
-0.012474087056025667
-0.012507545058184109
-0.01254108920556936
-0.01257471970567107
-0.012608436766418507
-0.012642240596181211
-0.0126761314037696
-0.012710109398435716
-0.01274417478987378
-0.012778327788220944
-0.012812568604057861
-0.01284689744840941
-0.012881314532745308
-0.012915820068980755
-0.012950414269477146
-0.012985097347042637
-0.01301986951493289
-0.013054730986851637
-0.013089681976951394
-0.013124722699834097
-0.013159853370551712
-0.013195074204606949
-0.013230385417953846
-0.013265787226998478
-0.01330127984859954
-0.013336863500069053
-0.013372538399172983
-0.013408304764131856
-0.013444162813621473
-0.013480112766773477
-0.013516154843176066
-0.013552289262874566
-0.013588516246372136
-0.013624836014630378
-0.01366124878906995
-0.013697754791571282
-0.013734354244475114
-0.013771047370583236
-0.013807834393159035
-0.013844715535928196
-0.013881691023079314
-0.0139187610792645
-0.013955925929600078
-0.013993185799667138
-0.014030540915512256
-0.014067991503648033
-0.014105537791053807
-0.014143180005176233
-0.014180918373929912
-0.014218753125698053
-0.014256684489333041
-0.014294712694157139
-0.014332837969963026
-0.014371060547014498
-0.014409380656047048
-0.01444779852826847
-0.014486314395359544
-0.014524928489474568
-0.014563641043242056
-0.014602452289765328
-0.014641362462623073
-0.014680371795870064
-0.014719480524037659
-0.014758688882134519
-0.01479799710564716
-0.014837405430540542
-0.014876914093258755
-0.014916523330725531
-0.014956233380344948
-0.014996044480001944
-0.015035956868062991
-0.015075970783376674
-0.015116086465274252
-0.015156304153570338
-0.015196624088563407
-0.015237046511036492
-0.015277571662257673
-0.015318199783980765
-0.015358931118445872
-0.015399765908379942
-0.015440704396997438
-0.015481746828000851
-0.015522893445581346
-0.015564144494419284
-0.015605500219684884
-0.015646960867038765
-0.015688526682632487
-0.015730197913109225
-0.015771974805604244
-0.015813857607745584
-0.01585584656765452
-0.015897941933946235
-0.015940143955730356
-0.01598245288261149
-0.016024868964689847
-0.016067392452561755
-0.016110023597320305
-0.016152762650555805
-0.016195609864356447
-0.01623856549130881
-0.016281629784498406
-0.016324802997510306
-0.016368085384429597
-0.01641147719984205
-0.01645497869883455
-0.01649859013699575
-0.01654231177041657
-0.01658614385569072
-0.016630086649915315
-0.01667414041069132
-0.016718305396124213
-0.016762581864824384
-0.016806970075907805
-0.01685147028899647
-0.01689608276421895
-0.01694080776221097
-0.016985645544115854
-0.017030596371585147
-0.017075660506779035
-0.017120838212366967
-0.017166129751528127
-0.01721153538795191
-0.01725705538583855
-0.017302690009899487
-0.017348439525358035
-0.017394304197949746
-0.017440284293923025
-0.017486380080039603
-0.01753259182357498
-0.017578919792319025
-0.01762536425457637
-0.01767192547916702
-0.017718603735426747
-0.01776539929320761
-0.017812312422878483
-0.017859343395325467
-0.01790649248195245
-0.017953759954681552
-0.01800114608595357
-0.01804865114872853
-0.018096275416486066
-0.018144019163226006
-0.018191882663468713
-0.01823986619225565
-0.018287970025149817
-0.018336194438236152
-0.018384539708122094
-0.018433006111937923
-0.018481593927337323
-0.01853030343249774
-0.018579134906120877
-0.018628088627433155
-0.018677164876186064
-0.01872636393265673
-0.018775686077648224
-0.01882513159249011
-0.01887470075903876
-0.01892439385967787
-0.01897421117731888
-0.019024152995401285
-0.019074219597893224
-0.019124411269291732
-0.019174728294623272
-0.01922517095944406
-0.019275739549840517
-0.019326434352429693
-0.019377255654359552
-0.019428203743309537
-0.019479278907490793
-0.019530481435646712
-0.019581811617053167
-0.01963326974151902
-0.019684856099386455
-0.01973657098153131
-0.01978841467936354
-0.019840387484827478
-0.019892489690402332
-0.019944721589102397
-0.019997083474477553
-0.020049575640613552
-0.020102198382132327
-0.02015495199419246
-0.020207836772489385
-0.020260853013255874
-0.020314001013262237
-0.02036728106981676
-0.020420693480766
-0.020474238544495062
-0.02052791655992803
-0.020581727826528153
-0.020635672644298296
-0.02068975131378112
-0.0207439641360595
-0.02079831141275679
-0.020852793446037052
-0.0209074105386055
-0.020962162993708608
-0.02101705111513458
-0.021072075207213527
-0.021127235574817715
-0.02118253252336198
-0.021237966358803824
-0.02129353738764384
-0.02134924591692588
-0.021405092254237312
-0.02146107670770935
-0.0215171995860172
-0.02157346119838043
-0.021629861854563052
-0.021686401864873927
-0.021743081540166895
-0.021799901191841
-0.021856861131840783
-0.021913961672656416
-0.021971203127323997
-0.022028585809425686
-0.022086110033089974
-0.022143776112991863
-0.022201584364353006
-0.02225953510294201
-0.022317628645074503
-0.022375865307613423
-0.02243424540796909
-0.022492769264099474
-0.02255143719451032
-0.022610249518255274
-0.022669206554936122
-0.022728308624702855
-0.022787556048253898
-0.02284694914683617
-0.0229064882422453
-0.022966173656825718
-0.023026005713470753
-0.023085984735622848
-0.02314611104727354
-0.023206384972963737
-0.02326680683778364
-0.023327376967373005
-0.02338809568792117
-0.023448963326167097
-0.023509980209399563
-0.023571146665457125
-0.02363246302272831
-0.02369392961015156
-0.023755546757215393
-0.023817314793958443
-0.023879234050969422
-0.023941304859387308
-0.02400352755090125
-0.024065902457750702
-0.024128429912725374
-0.024191110249165326
-0.02425394380096094
-0.0243169309025529
-0.024380071888932275
-0.02444336709564048
-0.02450681685876923
-0.024570421514960545
-0.024634181401406795
-0.024698096855850626
-0.024762168216584834
-0.024826395822452517
-0.024890780012846895
-0.024955321127711257
-0.025020019507538953
-0.025084875493373335
-0.02514988942680766
-0.025215061649984983
-0.02528039250559814
-0.02534588233688962
-0.02541153148765146
-0.025477340302225124
-0.025543309125501474
-0.025609438302920597
-0.02567572818047161
-0.025742179104692675
-0.025808791422670785
-0.025875565482041552
-0.0259425016309892
-0.026009600218246266
-0.026076861593093564
-0.026144286105359866
-0.026211874105421855
-0.026279625944203893
-0.026347541973177742
-0.026415622544362524
-0.026483868010324336
-0.026552278724176204
-0.026620855039577687
-0.026689597310734788
-0.026758505892399663
-0.02682758113987031
-0.02689682340899044
-0.026966233056149085
-0.02703581043828044
-0.02710555591286349
-0.027175469837921795
-0.027245552572023192
-0.027315804474279403
-0.027386225904345855
-0.027456817222421253
-0.027527578789247352
-0.027598510966108516
-0.027669614114831466
-0.027740888597784917
-0.02781233477787913
-0.027883953018565694
-0.027955743683836985
-0.028027707138225947
-0.028099843746805558
-0.028172153875188517
-0.028244637889526844
-0.028317296156511337
-0.028390129043371338
-0.028463136917874096
-0.028536320148324516
-0.028609679103564524
-0.02868321415297275
-0.028756925666463998
-0.028830814014488722
-0.02890487956803262
-0.02897912269861612
-0.02905354377829379
-0.029128143179653905
-0.02920292127581792
-0.02927787844043992
-0.02935301504770602
-0.029428331472333893
-0.029503828089572203
-0.029579505275199952
-0.029655363405525943
-0.02973140285738823
-0.0298076240081535
-0.029884027235716357
-0.029960612918498847
-0.030037381435449786
-0.03011433316604403
-0.030191468490281887
-0.030268787788688516
-0.030346291442313194
-0.03042397983272856
-0.030501853342030077
-0.030579912352835255
-0.03065815724828285
-0.030736588412032338
-0.030815206228262962
-0.030894011081673195
-0.030973003357479798
-0.03105218344141721
-0.03113155171973668
-0.031211108579205463
-0.03129085440710615
-0.03137078959123566
-0.03145091451990466
-0.03153122958193646
-0.03161173516666644
-0.03169243166394105
-0.03177331946411688
-0.031854398958060005
-0.031935670537144856
-0.032017134593253505
-0.03209879151877462
-0.03218064170660266
-0.03226268555013689
-0.032344923443280355
-0.03242735578043911
-0.03250998295652103
-0.032592805366935054
-0.03267582340758998
-0.03275903747489364
-0.03284244796575179
-0.032926055277567035
-0.033009859808237944
-0.03309386195615781
-0.03317806212021378
-0.033262460699785557
-0.033347058094744524
-0.03343185470545252
-0.0335168509327607
-0.03360204717800855
-0.03368744384302254
-0.033773041330115175
-0.03385884004208365
-0.033944840382208845
-0.034031042754254004
-0.03411744756246352
-0.03420405521156183
-0.03429086610675211
-0.03437788065371498
-0.03446509925860732
-0.03455252232806102
-0.03464015026918162
-0.03472798348954701
-0.03481602239720619
-0.0349042674006779
-0.034992718908949255
-0.03508137733147438
-0.03517024307817312
-0.03525931655942965
-0.03534859818609091
-0.03543808836946542
-0.03552778752132178
-0.0356176960538871
-0.03570781437984566
-0.035798142912337516
-0.035888682064956885
-0.03597943225175063
-0.036070393887216876
-0.03616156738630341
-0.03625295316440608
-0.03634455163736736
-0.03643636322147465
-0.03652838833345878
-0.036620627390492363
-0.03671308081018819
-0.036805749010597605
-0.03689863241020879
-0.03699173142794523
-0.03708504648316383
-0.03717857799565346
-0.03727232638563303
-0.037366292073749884
-0.037460475481078045
-0.03755487702911636
-0.03764949713978687
-0.03774433623543284
-0.037839394738817166
-0.03793467307312027
-0.03803017166193857
-0.03812589092928239
-0.03822183129957411
-0.03831799319764644
-0.038414377048740254
-0.03851098327850293
-0.038607812312986114
-0.03870486457864407
-0.038802140502331495
-0.03889964051130151
-0.03899736503320384
-0.03909531449608253
-0.039193489328374125
-0.03929188995890541
-0.039390516816891485
-0.03948937033193361
-0.039588450934016965
-0.03968775905350876
-0.0397872951211558
-0.03988705956808256
-0.039987052825788794
-0.04008727532614747
-0.040187727501402475
-0.040288409784166306
-0.04038932260741796
-0.04049046640450053
-0.040591841609118905
-0.04069344865533742
-0.0407952879775777
-0.040897360010616085
-0.040999665189581265
-0.04110220394995205
-0.041204976727554826
-0.041307983958561036
-0.04141122607948488
-0.04151470352718077
-0.04161841673884088
-0.041722366151992464
-0.04182655220449552
-0.04193097533454015
-0.04203563598064393
-0.04214053458164932
-0.042245671576721176
-0.04235104740534399
-0.04245666250731917
-0.04256251732276252
-0.04266861229210146
-0.04277494785607224
-0.04288152445571726
-0.042988342532382345
-0.04309540252771392
-0.043202704883656066
-0.04331025004244795
-0.04341803844662083
-0.04352607053899506
-0.04363434676267747
-0.04374286756105819
-0.04385163337780793
-0.04396064465687477
-0.04406990184248145
-0.044179405379122176
-0.044289155711559586
-0.044399153284821885
-0.0445093985441995
-0.04461989193524224
-0.04473063390375597
-0.044841624895799646
-0.04495286535768202
-0.045064355735958454
-0.045176096477427846
-0.04528808802912917
-0.04540033083833848
-0.045512825352565345
-0.04562557201954978
-0.045738571287258833
-0.04585182360388311
-0.04596532941783362
-0.04607908917773816
-0.046193103332438055
-0.04630737233098453
-0.04642189662263546
-0.04653667665685167
-0.046651712883293464
-0.04676700575181712
-0.04688255571247127
-0.04699836321549332
-0.04711442871130577
-0.04723075265051265
-0.047347335483895824
-0.04746417766241113
-0.0475812796371849
-0.04769864185951007
-0.04781626478084232
-0.047934148852796385
-0.048052294527142256
-0.048170702255801216
-0.04828937249084193
-0.04840830568447665
-0.04852750228905724
-0.048646962757071095
-0.04876668754113727
-0.04888667709400242
-0.049006931868536815
-0.04912745231773006
-0.04924823889468724
-0.04936929205262465
-0.049490612244865645
-0.049612199924836425
-0.04973405554606194
-0.04985617956216156
-0.049978572426844725
-0.05010123459390682
-0.050224166517224736
-0.05034736865075249
-0.05047084144851685
-0.05059458536461303
-0.05071860085320015
-0.05084288836849665
-0.05096744836477606
-0.051092281296362244
-0.051217387617624885
-0.051342767782974884
-0.05146842224685984
-0.05159435146375933
-0.0517205558881801
-0.05184703597465159
-0.05197379217772101
-0.05210082495194862
-0.05222813475190286
-0.05235572203215578
-0.05248358724727778
-0.05261173085183292
-0.05274015330037404
-0.052868855047437754
-0.05299783654753934
-0.05312709825516778
-0.05325664062478095
-0.05338646411080007
-0.053516569167604895
-0.05364695624952853
-0.05377762581085225
-0.05390857830580011
-0.05403981418853382
-0.054171333913147664
-0.05430313793366276
-0.054435226704021976
-0.05456760067808457
-0.054700260309620684
-0.05483320605230583
-0.05496643835971557
-0.055099957685319924
-0.055233764482477736
-0.05536785920443115
-0.055502242304300085
-0.055636914235076475
-0.055771875449618494
-0.055907126400645026
-0.05604266754072982
-0.05617849932229562
-0.05631462219760839
-0.05645103661877152
-0.05658774303771988
-0.05672474190621374
-0.056862033675833014
-0.05699961879797119
-0.057137497723829145
-0.057275670904409194
-0.05741413879050902
-0.057552901832715414
-0.05769196048139802
-0.057831315186703314
-0.05797096639854824
-0.05811091456661376
-0.05825116014033871
-0.05839170356891338
-0.05853254530127309
-0.0586736857860916
-0.05881512547177484
-0.058956864806454304
-0.05909890423798033
-0.05924124421391565
-0.059383885181528755
-0.059526827587787184
-0.05967007187935064
-0.059813618502564496
-0.059957467903452834
-0.06010162052771157
-0.06024607682070163
-0.060390837227442075
-0.06053590219260312
-0.060681272160498935
-0.06082694757508095
-0.06097292887993054
-0.06111921651825188
-0.061265810932864845
-0.061412712566197895
-0.06155992186028071
-0.06170743925673684
-0.061855265196776574
-0.062003400121189454
-0.06215184447033676
-0.062300598684144136
-0.06244966320209437
-0.0625990384632193
-0.06274872490609261
-0.06289872296882218
-0.06304903308904235
-0.0631996557039061
-0.06335059125007741
-0.06350184016372368
-0.0636534028805074
-0.06380527983557856
-0.06395747146356677
-0.0641099781985732
-0.06426280047416244
-0.06441593872335465
-0.0645693933786173
-0.0647231648718571
-0.0648772536344117
-0.06503166009704157
-0.06518638468992169
-0.06534142784263303
-0.06549678998415442
-0.0656524715428541
-0.06580847294648096
-0.06596479462215626
-0.06612143699636518
-0.06627840049494796
-0.06643568554309122
-0.06659329256531953
-0.06675122198548643
-0.06690947422676566
-0.06706804971164228
-0.06722694886190395
-0.06738617209863179
-0.06754571984219145
-0.06770559251222408
-0.06786579052763729
-0.06802631430659585
-0.06818716426651263
-0.06834834082403937
-0.06850984439505739
-0.06867167539466808
-0.06883383423718376
-0.0689963213361182
-0.0691591371041769
-0.06932228195324777
-0.06948575629439158
-0.06964956053783217
-0.0698136950929468
-0.06997816036825648
-0.07014295677141615
-0.07030808470920476
-0.07047354458751541
-0.07063933681134549
-0.0708054617847867
-0.07097191991101467
-0.07113871159227933
-0.07130583722989449
-0.07147329722422756
-0.07164109197468943
-0.0718092218797242
-0.0719776873367987
-0.07214648874239206
-0.0723156264919853
-0.07248510098005075
-0.07265491260004149
-0.07282506174438073
-0.07299554880445112
-0.07316637417058393
-0.0733375382320483
-0.07350904137704035
-0.07368088399267238
-0.07385306646496172
-0.07402558917881981
-0.07419845251804116
-0.0743716568652921
-0.07454520260209964
-0.07471909010884027
-0.07489331976472856
-0.07506789194780579
-0.07524280703492874
-0.07541806540175787
-0.07559366742274606
-0.07576961347112686
-0.07594590391890291
-0.07612253913683426
-0.0762995194944264
-0.07647684535991879
-0.07665451710027262
-0.07683253508115902
-0.07701089966694705
-0.07718961122069169
-0.07736867010412155
-0.07754807667762681
-0.07772783130024703
-0.07790793432965869
-0.07808838612216286
-0.07826918703267291
-0.07845033741470185
-0.07863183762034985
-0.0788136880002917
-0.07899588890376402
-0.07917844067855256
-0.07936134367097948
-0.07954459822589033
-0.07972820468664137
-0.07991216339508629
-0.0800964746915635
-0.08028113891488269
-0.08046615640231188
-0.0806515274895641
-0.0808372525107841
-0.08102333179853496
-0.0812097656837848
-0.08139655449589303
-0.08158369856259708
-0.08177119820999854
-0.0819590537625496
-0.0821472655430393
-0.08233583387257963
-0.0825247590705918
-0.08271404145479208
-0.082903681341178
-0.08309367904401407
-0.0832840348758178
-0.08347474914734536
-0.0836658221675774
-0.08385725424370463
-0.08404904568111346
-0.08424119678337144
-0.0844337078522128
-0.08462657918752373
-0.08481981108732776
-0.08501340384777108
-0.08520735776310753
-0.08540167312568382
-0.08559635022592457
-0.08579138935231727
-0.08598679079139716
-0.086182554827732
-0.08637868174390705
-0.08657517182050949
-0.08677202533611314
-0.0869692425672631
-0.08716682378846013
-0.08736476927214501
-0.08756307928868307
-0.08776175410634819
-0.08796079399130721
-0.08816019920760393
-0.08835997001714323
-0.08856010667967497
-0.08876060945277793
-0.08896147859184371
-0.08916271435006037
-0.08936431697839618
-0.08956628672558319
-0.08976862383810082
-0.08997132856015927
-0.09017440113368298
-0.0903778417982939
-0.09058165079129471
-0.09078582834765196
-0.09099037469997932
-0.0911952900785204
-0.09140057471113176
-0.09160622882326591
-0.09181225263795385
-0.09201864637578802
-0.09222541025490474
-0.09243254449096691
-0.09264004929714642
-0.0928479248841066
-0.09305617145998461
-0.0932647892303735
-0.09347377839830454
-0.09368313916422931
-0.09389287172600165
-0.09410297627885966
-0.09431345301540761
-0.09452430212559759
-0.09473552379671128
-0.09494711821334166
-0.0951590855573744
-0.09537142600796947
-0.09558413974154245
-0.09579722693174594
-0.09601068774945061
-0.09622452236272647
-0.096438730936824
-0.09665331363415497
-0.09686827061427353
-0.09708360203385683
-0.09729930804668602
-0.09751538880362669
-0.09773184445260953
-0.09794867513861093
-0.09816588100363317
-0.09838346218668502
-0.0986014188237618
-0.09881975104782569
-0.09903845898878562
-0.09925754277347755
-0.09947700252564416
-0.0996968383659148
-0.09991705041178514
-0.1001376387775971
-0.10035860357451815
-0.10057994491052084
-0.10080166289036245
-0.10102375761556409
-0.10124622918439004
-0.10146907769182686
-0.10169230322956266
-0.1019159058859658
-0.10213988574606397
-0.10236424289152306
-0.10258897740062572
-0.10281408934825013
-0.1030395788058487
-0.1032654458414261
-0.10349169051951819
-0.10371831290116997
-0.10394531304391383
-0.10417269100174789
-0.10440044682511374
-0.10462858056087466
-0.10485709225229334
-0.10508598193900964
-0.1053152496570184
-0.10554489543864687
-0.1057749193125324
-0.10600532130359976
-0.10623610143303844
-0.10646725971828
-0.1066987961729751
-0.10693071080697074
-0.10716300362628702
-0.10739567463309414
-0.10762872382568929
-0.10786215119847321
-0.10809595674192674
-0.10833014044258758
-0.10856470228302655
-0.10879964224182395
-0.10903496029354583
-0.10927065640872023
-0.10950673055381312
-0.10974318269120442
-0.10998001277916392
-0.11021722077182702
-0.11045480661917043
-0.11069277026698794
-0.11093111165686564
-0.11116983072615758
-0.11140892740796103
-0.11164840163109166
-0.1118882533200588
-0.11212848239504036
-0.11236908877185793
-0.11261007236195149
-0.11285143307235433
-0.1130931708056676
-0.11333528546003495
-0.11357777692911701
-0.1138206451020659
-0.11406388986349927
-0.11430751109347473
-0.11455150866746383
-0.11479588245632624
-0.11504063232628345
-0.11528575813889272
-0.1155312597510209
-0.11577713701481782
-0.11602338977769007
-0.11627001788227434
-0.11651702116641068
-0.11676439946311595
-0.11701215260055677
-0.11726028040202285
-0.1175087826858996
-0.11775765926564127
-0.11800690994974362
-0.11825653454171661
-0.11850653284005688
-0.11875690463822054
-0.11900764972459518
-0.11925876788247225
-0.11951025889001948
-0.1197621225202527
-0.12001435854100799
-0.12026696671491341
-0.12051994679936115
-0.12077329854647874
-0.12102702170310108
-0.1212811160107417
-0.12153558120556429
-0.12179041701835389
-0.1220456231744883
-0.12230119939390899
-0.1225571453910922
-0.12281346087501983
-0.1230701455491504
-0.12332719911138948
-0.1235846212540606
-0.12384241166387565
-0.12410057002190529
-0.1243590960035493
-0.1246179892785068
-0.12487724951074634
-0.12513687635847603
-0.12539686947411335
-0.12565722850425515
-0.12591795308964712
-0.12617904286515363
-0.12644049745972724
-0.12670231649637803
-0.12696449959214295
-0.12722704635805532
-0.12748995639911354
-0.12775322931425037
-0.12801686469630189
-0.1282808621319762
-0.12854522120182227
-0.12880994148019842
-0.12907502253524128
-0.1293404639288336
-0.12960626521657304
-0.1298724259477403
-0.13013894566526713
-0.13040582390570452
-0.13067306019919073
-0.13094065406941882
-0.13120860503360457
-0.1314769126024542
-0.13174557628013175
-0.13201459556422665
-0.1322839699457209
-0.13255369890895655
-0.1328237819316026
-0.1330942184846222
-0.1333650080322395
-0.13363615003190654
-0.13390764393426996
-0.13417948918313774
-0.13445168521544562
-0.13472423146122356
-0.1349971273435622
-0.13527037227857894
-0.1355439656753842
-0.13581790693604745
-0.13609219545556317
-0.13636683062181665
-0.13664181181554969
-0.13691713841032646
-0.13719280977249884
-0.1374688252611719
-0.13774518422816937
-0.13802188601799883
-0.13829892996781684
-0.13857631540739407
-0.1388540416590801
-0.1391321080377685
-0.13941051385086137
-0.13968925839823426
-0.13996834097220054
-0.1402477608574759
-0.14052751733114274
-0.1408076096626145
-0.14108803711359974
-0.14136879893806623
-0.1416498943822051
-0.14193132268439448
-0.14221308307516345
-0.14249517477715556
-0.14277759700509268
-0.1430603489657383
-0.14334342985786094
-0.1436268388721976
-0.1439105751914168
-0.14419463799008178
-0.1444790264346134
-0.1447637396832534
-0.1450487768860266
-0.1453341371847044
-0.14561981971276683
-0.1459058235953653
-0.14619214794928503
-0.14647879188290744
-0.1467657544961723
-0.14705303488053995
-0.1473406321189536
-0.1476285452858008
-0.14791677344687573
-0.14820531565934095
-0.14849417097168882
-0.14878333842370342
-0.14907281704642197
-0.14936260586209615
-0.1496527038841535
-0.14994311011715863
-0.15023382355677448
-0.15052484318972317
-0.15081616799374706
-0.1511077969375698
-0.15139972898085674
-0.1516919630741759
-0.15198449815895856
-0.1522773331674596
-0.15257046702271812
-0.1528638986385176
-0.15315762691934637
-0.15345165076035758
-0.15374596904732923
-0.15404058065662435
-0.1543354844551508
-0.15463067930032098
-0.1549261640400118
-0.15522193751252408
-0.15551799854654216
-0.15581434596109345
-0.15611097856550776
-0.15640789515937664
-0.15670509453251233
-0.15700257546490745
-0.15730033672669352
-0.15759837707810004
-0.1578966952694136
-0.15819529004093646
-0.1584941601229453
-0.15879330423564988
-0.1590927210891517
-0.1593924093834023
-0.15969236780816173
-0.1599925950429569
-0.1602930897570398
-0.16059385060934547
-0.16089487624845067
-0.161196165312531
-0.1614977164293196
-0.16179952821606453
-0.16210159927948678
-0.16240392821573796
-0.16270651361035768
-0.16300935403823152
-0.16331244806354805
-0.16361579423975658
-0.16391939110952425
-0.16422323720469348
-0.1645273310462389
-0.1648316711442249
-0.16513625599776222
-0.16544108409496502
-0.16574615391290806
-0.16605146391758316
-0.16635701256385624
-0.16666279829542388
-0.16696881954477005
-0.1672750747331225
-0.16758156227040955
-0.16788828055521607
-0.16819522797474037
-0.16850240290475008
-0.16880980370953869
-0.16911742874188163
-0.16942527634299218
-0.1697333448424779
-0.17004163255829627
-0.1703501377967109
-0.17065885885224716
-0.17096779400764836
-0.17127694153383105
-0.171586299689841
-0.17189586672280885
-0.17220564086790557
-0.1725156203482981
-0.1728258033751048
-0.17313618814735088
-0.17344677285192384
-0.17375755566352852
-0.1740685347446428
-0.1743797082454724
-0.17469107430390632
-0.17500263104547206
-0.1753143765832903
-0.17562630901803028
-0.17593842643786453
-0.17625072691842417
-0.17656320852275328
-0.17687586930126425
-0.17718870729169242
-0.1775017205190506
-0.17781490699558408
-0.17812826472072538
-0.17844179168104848
-0.1787554858502239
-0.17906934518897294
-0.1793833676450225
-0.17969755115305922
-0.18001189363468417
-0.1803263929983674
-0.180641047139402
-0.1809558539398587
-0.18127081126854028
-0.1815859169809355
-0.18190116891917396
-0.18221656491197963
-0.1825321027746257
-0.18284778030888849
-0.1831635953030016
-0.18347954553161022
-0.1837956287557251
-0.1841118427226767
-0.1844281851660693
-0.18474465380573507
-0.18506124634768806
-0.18537796048407837
-0.18569479389314583
-0.18601174423917458
-0.18632880917244637
-0.18664598632919502
-0.18696327333156046
-0.18728066778754193
-0.187598167290953
-0.18791576942137445
-0.18823347174410915
-0.18855127181013526
-0.18886916715606047
-0.18918715530407598
-0.18950523376191003
-0.1898234000227825
-0.19014165156535798
-0.1904599858537003
-0.19077840033722643
-0.19109689245065983
-0.19141545961398523
-0.1917340992324017
-0.19205280869627742
-0.19237158538110277
-0.1926904266474451
-0.1930093298409024
-0.19332829229205684
-0.1936473113164297
-0.19396638421443435
-0.19428550827133126
-0.19460468075718138
-0.19492389892680045
-0.19524316001971337
-0.1955624612601076
-0.1958817998567883
-0.19620117300313145
-0.19652057787703903
-0.1968400116408925
-0.19715947144150753
-0.19747895441008817
-0.19779845766218096
-0.19811797829762964
-0.1984375134005293
-0.19875706003918098
-0.19907661526604614
-0.19939617611770089
-0.19971573961479105
-0.2000353027619863
-0.20035486254793522
-0.20067441594521948
-0.20099395991030922
-0.20131349138351756
-0.2016330072889552
-0.2019525045344857
-0.20227198001168026
-0.20259143059577292
-0.20291085314561524
-0.203230244503632
-0.20354960149577603
-0.20386892093148343
-0.20418819960362924
-0.20450743428848242
-0.20482662174566177
-0.20514575871809096
-0.20546484193195463
-0.20578386809665397
-0.20610283390476203
-0.20642173603198027
-0.20674057113709382
-0.20705933586192815
-0.20737802683130438
-0.20769664065299623
-0.20801517391768587
-0.2083336231989201
-0.20865198505306734
-0.2089702560192735
-0.20928843261941915
-0.20960651135807618
-0.2099244887224641
-0.21024236118240774
-0.21056012519029368
-0.2108777771810276
-0.21119531357199142
-0.21151273076300098
-0.21183002513626312
-0.21214719305633326
-0.2124642308700733
-0.21278113490660927
-0.2130979014772894
-0.21341452687564177
-0.21373100737733308
-0.21404733924012645
-0.21436351870383982
-0.21467954199030492
-0.2149954053033254
-0.2153111048286361
-0.21562663673386165
-0.2159419971684757
-0.21625718226376026
-0.2165721881327645
-0.2168870108702651
-0.21720164655272517
-0.21751609123825447
-0.21783034096656886
-0.21814439175895117
-0.21845823961821076
-0.21877188052864413
-0.21908531045599564
-0.21939852534741794
-0.2197115211314332
-0.22002429371789395
-0.2203368389979442
-0.22064915284398118
-0.2209612311096165
-0.22127306962963825
-0.22158466421997255
-0.22189601067764603
-0.2222071047807479
-0.2225179422883922
-0.222828518940681
-0.22313883045866664
-0.22344887254431522
-0.22375864088046943
-0.2240681311308124
-0.22437733893983097
-0.22468625993277955
-0.22499488971564438
-0.2253032238751073
-0.22561125797851087
-0.22591898757382214
-0.22622640818959844
-0.22653351533495183
-0.22684030449951434
-0.22714677115340415
-0.22745291074719035
-0.22775871871185996
-0.2280641904587831
-0.22836932137968033
-0.22867410684658873
-0.22897854221182878
-0.22928262280797201
-0.22958634394780758
-0.22988970092431063
-0.23019268901060994
-0.23049530345995556
-0.23079753950568793
-0.23109939236120597
-0.2314008572199362
-0.2317019292553015
-0.23200260362069122
-0.2323028754494303
-0.23260273985474894
-0.2329021919297538
-0.23320122674739727
-0.23349983936044932
-0.2337980248014675
-0.2340957780827693
-0.23439309419640278
-0.234689968114119
-0.2349863947873443
-0.23528236914715217
-0.2355778861042367
-0.23587294054888494
-0.23616752735095095
-0.23646164135982925
-0.23675527740442817
-0.23704843029314518
-0.23734109481384047
-0.23763326573381274
-0.23792493779977372
-0.23821610573782406
-0.23850676425342934
-0.23879690803139572
-0.23908653173584699
-0.23937563001020126
-0.23966419747714815
-0.23995222873862618
-0.24023971837580066
-0.2405266609490425
-0.2408130509979056
-0.24109888304110696
-0.2413841515765051
-0.2416688510810801
-0.24195297601091362
-0.2422365208011689
-0.24251947986607167
-0.24280184759889123
-0.24308361837192197
-0.24336478653646484
-0.24364534642281005
-0.2439252923402194
-0.2442046185769088
-0.2444833194000326
-0.2447613890556662
-0.24503882176879113
-0.24531561174327884
-0.24559175316187612
-0.24586724018619016
-0.2461420669566742
-0.24641622759261403
-0.2466897161921139
-0.24696252683208428
-0.2472346535682283
-0.24750609043503033
-0.2477768314457439
-0.24804687059238
-0.2483162018456967
-0.24858481915518815
-0.24885271644907495
-0.2491198876342941
-0.24938632659649013
-0.24965202720000607
-0.24991698328787532
-0.2501811886818138
-0.25044463718221255
-0.2507073225681305
-0.2509692385972884
-0.25123037900606265
-0.25149073750947953
-0.2517503078012103
-0.2520090835535668
-0.2522670584174967
-0.25252422602258034
-0.2527805799770277
-0.2530361138676749
-0.2532908212599828
-0.253544695698035
-0.25379773070453643
-0.2540499197808128
-0.25430125640681045
-0.25455173404109654
-0.25480134612085953
-0.25505008606191115
-0.2552979472586874
-0.2555449230842516
-0.25579100689029666
-0.2560361920071489
-0.2562804717437714
-0.25652383938776907
-0.25676628820539305
-0.25700781144154633
-0.25724840231979
-0.2574880540423494
-0.25772675979012183
-0.2579645127226835
-0.25820130597829805
-0.2584371326739256
-0.25867198590523127
-0.2589058587465962
-0.2591387442511269
-0.2593706354506665
-0.25960152535580716
-0.2598314069559009
-0.26006027321907343
-0.2602881170922366
-0.2605149315011029
-0.26074070935019966
-0.260965443522884
-0.2611891268813587
-0.2614117522666882
-0.26163331249881583
-0.2618538003765804
-0.2620732086777353
-0.26229153015896656
-0.26250875755591185
-0.262724883583181
-0.26293990093437597
-0.26315380228211205
-0.2633665802780398
-0.263578227552867
-0.26378873671638203
-0.26399810035747723
-0.264206311044173
-0.2644133613236431
-0.2646192437222397
-0.2648239507455198
-0.26502747487827183
-0.26522980858454337
-0.26543094430766895
-0.265630874470299
-0.2658295914744291
-0.26602708770143
-0.26622335551207893
-0.26641838724658984
-0.2666121752246467
-0.26680471174543535
-0.26699598908767747
-0.26718599950966404
-0.26737473524929084
-0.26756218852409336
-0.267748351531283
-0.2679332164477843
-0.26811677543027174
-0.26829902061520866
-0.26847994411888565
-0.26865953803746023
-0.2688377944469975
-0.2690147054035108
-0.2691902629430034
-0.2693644590815111
-0.26953728581514536
-0.2697087351201369
-0.26987879895288075
-0.27004746924998096
-0.27021473792829703
-0.2703805968849904
-0.27054503799757207
-0.2707080531239509
-0.27086963410248205
-0.27102977275201734
-0.271188460871955
-0.2713456902422912
-0.271501452623672
-0.27165573975744556
-0.2718085433657159
-0.27195985515139703
-0.2721096667982674
-0.2722579699710264
-0.27240475631534955
-0.2725500174579469
-0.2726937450066199
-0.272835930550321
-0.2729765656592123
-0.27311564188472637
-0.2732531507596268
-0.2733890837980703
-0.2735234324956691
-0.27365618832955413
-0.27378734275843947
-0.2739168872226867
-0.27404481314437124
-0.2741711119273482
-0.27429577495731994
-0.274418793601904
-0.27454015921070185
-0.2746598631153687
-0.2747778966296838
-0.27489425104962156
-0.27500891765342367
-0.27512188770167184
-0.27523315243736146
-0.2753427030859761
-0.2754505308555625
-0.2755566269368068
-0.27566098250311144
-0.2757635887106724
-0.2758644366985583
-0.2759635175887892
-0.2760608224864168
-0.2761563424796054
-0.27625006863971385
-0.2763419920213777
-0.27643210366259297
-0.27652039458479993
-0.2766068557929687
-0.27669147827568447
-0.27677425300523484
-0.27685517093769685
-0.27693422301302545
-0.27701140015514286
-0.27708669327202834
-0.2771600932558093
-0.27723159098285277
-0.27730117731385795
-0.2773688430939497
-0.2774345791527727
-0.2774983763045864
-0.27756022534836106
-0.2776201170678742
-0.2776780422318085
-0.27773399159385015
-0.27778795589278776
-0.27783992585261297
-0.27788989218262106
-0.2779378455775129
-0.2779837767174974
-0.27802767626839536
-0.27806953488174346
-0.27810934319489966
-0.278147091831149
-0.278182771399811
-0.27821637249634673
-0.278247885702468
-0.27827730158624636
-0.2783046107022238
-0.27832980359152354
-0.27835287078196225
-0.27837380278816287
-0.2783925901116684
-0.27840922324105616
-0.2784236926520535
-0.27843598880765424
-0.2784461021582353
-0.2784540231416749
-0.2784597421834716
-0.2784632496968637
-0.27846453608294996
-0.27846359173081103
-0.2784604070176313
-0.2784549723088226
-0.2784472779581477
-0.27843731430784535
-0.2784250716887557
-0.278410540420447
-0.27839371081134306
-0.2783745731588512
-0.27835311774949123
-0.2783293348590259
-0.2783032147525909
-0.2782747476848272
-0.27824392390001274
-0.27821073363219645
-0.2781751671053319
-0.27813721453341245
-0.2780968661206071
-0.2780541120613969
-0.278008942540713
-0.2779613477340743
-0.2779113178077273
-0.27785884291878554
-0.2778039132153708
-0.2777465188367547
-0.2776866499135014
-0.2776242965676104
-0.27755944891266143
-0.277492097053959
-0.2774222310886785
-0.2773498411060126
-0.27727491718731867
-0.2771974494062679
-0.2771174278289933
-0.2770348425142404
-0.2769496835135178
-0.27686194087124866
-0.2767716046249234
-0.2766786648052523
-0.2765831114363203
-0.2764849345357412
-0.2763841241148136
-0.27628067017867725
-0.2761745627264702
-0.2760657917514868
-0.27595434724133694
-0.2758402191781049
-0.27572339753851055
-0.2756038722940698
-0.2754816334112573
-0.27535667085166854
-0.27522897457218387
-0.27509853452513255
-0.274965340658458
-0.2748293829158834
-0.2746906512370785
-0.2745491355578271
-0.274404825810195
-0.27425771192269915
-0.2741077838204769
-0.27395503142545685
-0.2737994446565299
-0.2736410134297209
-0.27347972765836176
-0.2733155772532644
-0.2731485521228953
-0.27297864217354983
-0.2728058373095284
-0.2726301274333125
-0.2724515024457417
-0.2722699522461914
-0.27208546673275147
-0.2718980358024053
-0.2717076493512096
-0.27151429727447524
-0.2713179694669482
-0.2711186558229917
-0.2709163462367691
-0.2707110306024266
-0.2705026988142782
-0.2702913407669894
-0.27007694635576335
-0.26985950547652643
-0.2696390080261152
-0.26941544390246375
-0.2691888030047915
-0.26895907523379214
-0.26872625049182264
-0.26849031868309364
-0.26825126971385954
-0.26800909349260993
-0.2677637799302617
-0.2675153189403507
-0.2672637004392261
-0.2670089143462426
-0.26675095058395576
-0.2664897990783166
-0.26622544975886675
-0.2659578925589351
-0.26568711741583384
-0.26541311427105635
-0.2651358730704742
-0.2648553837645363
-0.26457163630846725
-0.2642846206624671
-0.2639943267919113
-0.2637007446675513
-0.26340386426571566
-0.2631036755685115
-0.26280016856402716
-0.2624933332465343
-0.2621831596166912
-0.26186963768174715
-0.2615527574557456
-0.26123250895972977
-0.2609088822219472
-0.26058186727805555
-0.2602514541713295
-0.25991763295286596
-0.2595803936817925
-0.259239726425474
-0.2588956212597211
-0.2585480682689985
-0.2581970575466335
-0.2578425791950262
-0.25748462332585786
-0.25712318006030244
-0.25675823952923593
-0.2563897918734484
-0.25601782724385436
-0.25564233580170487
-0.2552633077188001
-0.2548807331777008
-0.2544946023719425
-0.254104905506247
-0.25371163279673764
-0.2533147744711521
-0.2529143207690566
-0.2525102619420618
-0.25210258825403553
-0.25169128998132
-0.251276357412946
-0.25085778085084964
-0.25043555061008727
-0.25000965701905303
-0.24958009041969512
-0.24914684116773214
-0.24870989963287132
-0.24826925619902498
-0.24782490126452858
-0.24737682524235904
-0.24692501856035204
-0.2464694716614212
-0.24601017500377584
-0.24554711906114077
-0.2450802943229741
-0.2446096912946871
-0.24413530049786367
-0.243657112470479
-0.24317511776712042
-0.24268930695920587
-0.24219967063520528
-0.24170619940085927
-0.24120888387940015
-0.24070771471177263
-0.24020268255685295
-0.23969377809167103
-0.2391809920116295
-0.23866431503072602
-0.2381437378817727
-0.23761925131661754
-0.2370908461063659
-0.23655851304160005
-0.23602224293260193
-0.2354820266095724
-0.23493785492285402
-0.23438971874315048
-0.23383760896174877
-0.23328151649074017
-0.23272143226324046
-0.23215734723361212
-0.23158925237768427
-0.23101713869297402
-0.23044099719890782
-0.22986081893704127
-0.229276594971281
-0.2286883163881042
-0.22809597429678047
-0.227499559829591
-0.22689906414204966
-0.22629447841312364
-0.22568579384545243
-0.225073001665569
-0.2244560931241186
-0.2238350594960796
-0.22320989208098163
-0.22258058220312593
-0.22194712121180457
-0.22130950048151835
-0.22066771141219693
-0.22002174542941613
-0.2193715939846173
-0.21871724855532457
-0.21805870064536279
-0.21739594178507607
-0.21672896353154347
-0.2160577574687978
-0.2153823152080407
-0.21470262838786058
-0.21401868867444768
-0.2133304877618102
-0.2126380173719907
-0.2119412692552797
-0.2112402351904322
-0.21053490698488048
-0.20982527647495008
-0.20911133552607192
-0.20839307603299637
-0.20767048992000672
-0.2069435691411307
-0.20621230568035379
-0.20547669155182985
-0.20473671880009311
-0.20399237950026927
-0.20324366575828495
-0.202490569711079
-0.2017330835268104
-0.20097119940506894
-0.20020490957708226
-0.1994342063059244
-0.1986590818867242
-0.1978795286468704
-0.19709553894622012
-0.19630710517730277
-0.19551421976552733
-0.1947168751693855
-0.19391506388065655
-0.19310877842461174
-0.1922980113602156
-0.1914827552803303
-0.1906630028119155
-0.1898387466162317
-0.18900997938903874
-0.18817669386079675
-0.18733888279686597
-0.18649653899770377
-0.18564965529906446
-0.18479822457219458
-0.18394223972403143
-0.1830816936973972
-0.18221657947119504
-0.18134689006060375
-0.18047261851727028
-0.1795937579295043
-0.17871030142246885
-0.17782224215837245
-0.17692957333666048
-0.17603228819420338
-0.17513038000548786
-0.17422384208280284
-0.17331266777642937
-0.17239685047482523
-0.17147638360481166
-0.17055126063175924
-0.16962147505977
-0.16868702043186293
-0.16774789033015436
-0.16680407837604155
-0.16585557823038158
-0.1649023835936718
-0.16394448820622964
-0.16298188584836865
-0.16201457034057762
-0.1610425355436947
-0.16006577535908445
-0.15908428372881048
-0.15809805463580928
-0.15710708210406335
-0.15611136019877073
-0.15511088302651738
-0.15410564473544439
-0.1530956395154184
-0.1520808615981971
-0.15106130525759617
-0.15003696480965562
-0.14900783461280168
-0.1479739090680127
-0.1469351826189787
-0.1458916497522637
-0.14484330499746642
-0.143790142927377
-0.1427321581581372
-0.1416693453493948
-0.14060169920446153
-0.13952921447046526
-0.13845188593850444
-0.1373697084438011
-0.13628267686584963
-0.13519078612856955
-0.13409403120045127
-0.13299240709470644
-0.13188590886941223
-0.13077453162765718
-0.1296582705176864
-0.12853712073304213
-0.12741107751270792
-0.12628013614124622
-0.12514429194894056
-0.12400354031193096
-0.1228578766523516
-0.12170729643846728
-0.12055179518480551
-0.11939136845229185
-0.11822601184837908
-0.11705572102718023
-0.11588049168959531
-0.11470031958344029
-0.11351520050357451
-0.1123251302920236
-0.11113010483810609
-0.10993012007855374
-0.10872517199763361
-0.10751525662726934
-0.10630037004715709
-0.10508050838488568
-0.10385566781604984
-0.10262584456436724
-0.10139103490178966
-0.10015123514861547
-0.0989064416736014
-0.09765665089406898
-0.09640185927601509
-0.0951420633342155
-0.0938772596323324
-0.09260744478301558
-0.09133261544800537
-0.0900527683382345
-0.08876790021392474
-0.08747800788468758
-0.08618308820961763
-0.08488313809739055
-0.08357815450635386
-0.0822681344446201
-0.08095307497015844
-0.07963297319088125
-0.07830782626473463
-0.07697763139978163
-0.07564238585428988
-0.07430208693681221
-0.07295673200626943
-0.07160631847203162
-0.07025084379399445
-0.06889030548265909
-0.06752470109920553
-0.0661540282555678
-0.0647782846145079
-0.0633974678896841
-0.06201157584572393
-0.06062060629828905
-0.059224557114144954
-0.05782342621122342
-0.05641721155868706
-0.05500591117699256
-0.05358952313794841
-0.05216804556477687
-0.050741476632168214
-0.049309814566339615
-0.04787305764508669
-0.046431204197837285
-0.044984252605703816
-0.043532201301529995
-0.042075048769942024
-0.040612793547391744
-0.03914543422220471
-0.03767296943462059
-0.03619539787683605
-0.03471271829304605
-0.033224929479479505
-0.031732030284439425
-0.030234019608334984
-0.02873089640371855
-0.027222659675314897
-0.025709308480052998
-0.024190841927096217
-0.022667259177866748
-0.021138559446074685
-0.019604741997739237
-0.01806580615121251
-0.016521751277201745
-0.014972576798785641
-0.01341828219143551
-0.011858866983027946
-0.010294330753862801
-0.008724673136673026
-0.007149893816637262
-0.005569992531390841
-0.00398496907103077
-0.0023948232781256977
-0.000799555047717233
0.0008008356726732998
0.0024063488830463426
0.004016984530922782
0.005632742511344216
0.007253622666879308
0.00887962478762505
0.01051074861121679
0.01214699382283271
0.013788360055206646
0.015434846888638033
0.017086453851003425
0.018743180417774185
0.02040502601202895
0.02207199000447503
0.023744071713464033
0.025421270405016055
0.027103585292840803
0.02879101553836039
0.030483560250738267
0.0321812184869029
0.03388398925157995
0.0355918714973214
0.037304864124536326
0.03902296598152788
0.04074617586452481
0.04247449251772224
0.04420791463331627
0.04594644085154745
0.047690069760741034
0.04943879989734868
0.05119262974599676
0.05295155773952882
0.05471558225905746
0.056484701634009926
0.05825891414218271
0.06003821800979274
0.06182261141153006
0.06361209247061711
0.0654066592588622
0.06720630979672222
0.06901104205335921
0.07082085394670577
0.07263574334352718
0.07445570805948484
0.07628074585920648
0.07811085445635021
0.07994603151367823
0.08178627464312394
0.08363158140586818
0.08548194931241199
0.08733737582265062
0.08919785834595453
0.09106339424124385
0.0929339808170723
0.09480961533170726
0.0966902949932115
0.09857601695953142
0.10046677833857909
0.10236257618832398
0.10426340751687796
0.10616926928258946
0.10808015839413389
0.10999607171060555
0.1119170060416163
0.1138429581473875
0.11577392473885227
0.11770990247775023
0.11965088797673205
0.12159687779945978
0.12354786846070877
0.1255038564264763
0.12746483811408355
0.12943080989228753
0.131401768081386
0.13337770895333156
0.13535862873184182
0.13734452359251095
0.1393353896629283
0.14133122302278958
0.14333201970401882
0.14533777569088238
0.14734848692011285
0.14936414928102867
0.1513847586156551
0.1534103107188518
0.15544080133843396
0.1574762261753026
0.1595165808835706
0.1615618610706902
0.16361206229758757
0.16566718007878956
0.16772720988256157
0.169792147131037
0.17186198720035667
0.17393672542080404
0.17601635707694113
0.17810087740775205
0.18019028160677839
0.1822845648222658
0.1843837221573021
0.18648774866996515
0.1885966393734667
0.19071038923629663
0.19282899318237492
0.19495244609119547
0.19708074279798085
0.19921387809382862
0.20135184672586764
0.20349464339740947
0.2056422627681014
0.20779469945408577
0.20995194802815217
0.21211400301989983
0.21428085891589185
0.21645251015981934
0.21862895115266046
0.22081017625284086
0.22299617977640118
0.22518695599715632
0.22738249914686465
0.229582803415393
0.23178786295088172
0.23399767185991743
0.23621222420769755
0.23843151401820528
0.2406555352743761
0.24288428191827452
0.24511774785126517
0.2473559269341855
0.249598812987525
0.2518463997915966
0.2540986810867183
0.25635565057338655
0.2586173019124593
0.26088362872533394
0.2631546245941261
0.2654302830618553
0.2677105976326231
0.2699955617718007
0.2722851689062082
0.2745794124243045
0.2768782856763707
0.2791817819746949
0.2814898945937646
0.2838026167704495
0.2861199417041958
0.28844186255721094
0.29076837245465875
0.29309946448484914
0.2954351316994283
0.2977753671135758
0.30012016370619365
0.3024695144201051
0.3048234121622475
0.30718184980386665
0.30954482018071755
0.31191231609325687
0.3142843303068456
0.3166608555519429
0.3190418845243094
0.3214274098852058
0.323817424261591
0.3262119202463279
0.3286108903983802
0.33101432724302016
0.33342222327202575
0.3358345709438897
0.33825136268402106
0.3406725908849486
0.3430982479065302
0.34552832607615364
0.34796281768894866
0.3504017150079883
0.3528450102645009
0.35529269565807675
0.35774476335687366
0.3602012054978316
0.36266201418687605
0.36512718149913387
0.3675966994791381
0.3700705601410433
0.3725487554688354
0.37503127741654113
0.3775181179084447
0.3800092688392953
0.38250472207452496
0.38500446945045913
0.3875085027745294
0.39001681382549164
0.3925293943536355
0.3950462360810043
0.39756733070160527
0.40009266988162945
0.40262224525966556
0.4051560484469142
0.40769407102740923
0.41023630455822874
0.41278274056971775
0.4153333705657
0.41788818602370037
0.4204471783951608
0.42301033910565583
0.4255776595551162
0.4281491311180417
0.4307247451437256
0.43330449295646756
0.4358883658557985
0.43847635511669686
0.4410684519898069
0.44366464770166264
0.44626493345490253
0.4488693004284949
0.4514777397779521
0.4540902426355566
0.4567068001105782
0.4593274032894928
0.46195204323620837
0.4645807109922794
0.4672133975771332
0.469850093988286
0.4724907912015675
0.4751354801713408
0.4777841518307202
0.48043679709179854
0.48309340684586116
0.4857539719636129
0.48841848329539655
0.49108693167141193
0.493759307901942
0.4964356027775682
0.49911580706939657
0.5017999115292742
0.5044879068900139
0.5071797838656138
0.5098755331514754
0.5125751454246296
0.5152786113439516
0.5179859215503875
0.520697066667168
0.5234120373000346
0.5261308240374578
0.5288534174508545
0.5315798080948128
0.534309986507307
0.5370439432099221
0.5397816687080681
0.5425231534912041
0.545268388033055
0.5480173627918291
0.5507700682104415
0.5535264947167262
0.5562866327236617
0.559050472629582
0.5618180048184002
0.564589219659824
0.567364107509571
0.5701426587095905
0.5729248635882751
0.5757107124606823
0.5785001956287487
0.5812933033815036
0.5840900259952906
0.5868903537339764
0.5896942768491726
0.5925017855804443
0.59531287015553
0.5981275207905534
0.6009457276902355
0.6037674810481124
0.6065927710467443
0.609421587857932
0.6122539216429255
0.6150897625526403
0.6179291007278667
0.6207719262994795
0.623618229388654
0.6264680001070702
0.6293212285571294
0.6321779048321576
0.6350380190166203
0.6379015611863287
0.6407685214086462
0.6436388897427019
0.6465126562395915
0.6493898109425909
0.652270343887356
0.6551542451021357
0.6580415046079735
0.6609321124189115
0.6638260585422006
0.6667233329784973
0.6696239257220742
0.6725278267610205
0.6754350260774415
0.6783455136476677
0.6812592794424487
0.6841763134271616
0.6870966055620046
0.6900201458022036
0.692946924098208
0.6958769303958879
0.6988101546367382
0.7017465867580694
0.7046862166932122
0.7076290343717064
0.710575029719504
0.7135241926591613
0.7164765131100316
0.7194319809884652
0.7223905862079967
0.7253523186795444
0.7283171683115965
0.7312851250104081
0.7342561786801907
0.7372303192232995
0.7402075365404298
0.7431878205307998
0.7461711610923449
0.7491575481218997
0.7521469715153921
0.7551394211680257
0.7581348869744644
0.7611333588290236
0.7641348266258482
0.7671392802591023
0.7701467096231497
0.7731571046127352
0.7761704551231708
0.779186751050512
0.7822059822917438
0.785228138744954
0.7882532103095191
0.7912811868862797
0.7943120583777152
0.797345814688128
0.8003824457238118
0.8034219413932346
0.8064642916072067
0.8095094862790608
0.8125575153248227
0.8156083686633816
0.8186620362166676
0.8217185079098166
0.8247777736713471
0.8278398234333233
0.8309046471315297
0.8339722347056371
0.8370425760993669
0.8401156612606643
0.8431914801418565
0.846270022699826
0.8493512788961664
0.8524352386973529
0.8555218920749029
0.858611229005534
0.8617032394713325
0.8647979134599066
0.8678952409645514
0.8709952119844058
0.8740978165246078
0.8772030445964577
0.8803108862175677
0.8834213314120243
0.8865343702105363
0.8896499926505946
0.8927681887766239
0.8958889486401304
0.8990122622998614
0.9021381198219488
0.9052665112800646
0.9083974267555651
0.9115308563376439
0.9146667901234768
0.9178052182183668
0.9209461307358955
0.9240895177980605
0.9272353695354276
0.930383676087267
0.9335344276017011
0.9366876142358442
0.9398432261559414
0.9430012535375132
0.9461616865654889
0.9493245154343514
0.9524897303482679
0.9556573215212327
0.9588272791772003
0.9619995935502175
0.9651742548845645
0.9683512534348803
0.9715305794663014
0.9747122232545914
0.9778961750862686
0.9810824252587419
0.9842709640804332
0.9874617818709128
0.990654868961019
0.9938502156929914
0.9970478124205935
1.0002476495092356
1.0034497173361039
1.0066540062902771
1.0098605067728559
1.0130692091970765
1.0162801039884384
1.0194931815848214
1.0227084324365996
1.0259258470067694
1.029145415771056
1.0323671292180385
1.0355909778492585
1.0388169521793391
1.0420450427360985
1.045275240060658
1.048507534707561
1.051741917244878
1.0549783782543218
1.0582169083313524
1.0614574980852896
1.0647001381394197
1.0679448191310985
1.0711915317118652
1.074440266547538
1.0776910143183271
1.0809437657189345
1.0841985114586532
1.0874552422614765
1.0907139488661919
1.0939746220264872
1.0972372525110428
1.1005018311036374
1.1037683486032424
1.1070367958241152
1.1103071635959025
1.113579442763727
1.1168536241882898
1.1201296987459566
1.123407657328855
1.1266874908449656
1.1299691902182085
1.133252746388541
1.1365381503120375
1.1398253929609883
1.1431144653239764
1.1464053584059728
1.1496980632284186
1.152992570829308
1.1562888722632787
1.1595869586016874
1.1628868209327001
1.166188450361367
1.1694918380097092
1.1727969750167946
1.1761038525388212
1.1794124617491895
1.1827227938385863
1.1860348400150558
1.1893485915040858
1.19266403954867
1.1959811754093879
1.199299990364485
1.202620475709934
1.2059426227595136
1.209266422844878
1.2125918673156315
1.2159189475393906
1.219247654901855
1.2225779808068842
1.2259099166765517
1.2292434539512187
1.2325785840895975
1.235915298568823
1.2392535888845055
1.2425934465507997
1.245934863100473
1.249277830084956
1.2526223390744091
1.2559683816577885
1.2593159494428934
1.2626650340564345
1.266015627144085
1.2693677203705482
1.2727213054196005
1.276076373994154
1.279432917816317
1.2827909286274353
1.2861503981881546
1.2895113182784703
1.2928736806977834
1.296237477264944
1.2996026998183057
1.3029693402157811
1.3063373903348792
1.3097068420727613
1.3130776873462853
1.316449918092059
1.3198235262664753
1.3231985038457632
1.3265748428260375
1.3299525352233328
1.3333315730736521
1.336711948433007
1.3400936533774659
1.3434766800031845
1.3468610204264524
1.3502466667837354
1.3536336112317071
1.3570218459472916
1.3604113631276986
1.363802154990467
1.3671942137734912
1.3705875317350598
1.3739821011538986
1.3773779143291918
1.3807749635806226
1.3841732412484036
1.3875727396933157
1.3909734512967276
1.3943753684606335
1.397778483607687
1.401182789181221
1.404588277645283
1.4079949414846595
1.4114027732049115
1.4148117653323893
1.4182219104142648
1.4216332010185617
1.4250456297341711
1.4284591891708807
1.431873871959397
1.435289670751374
1.438706578219425
1.4421245870571502
1.4455436899791636
1.4489638797211004
1.452385149039647
1.4558074907125549
1.4592308975386663
1.462655362337923
1.4660808779513874
1.4695074372412662
1.4729350330909146
1.4763636584048576
1.4797933061088122
1.483223969149688
1.4866556404956104
1.4900883131359304
1.4935219800812432
1.4969566343633898
1.5003922690354758
1.5038288771718853
1.507266451868282
1.5107049862416253
1.5141444734301777
1.5175849065935194
1.5210262789125448
1.5244685835894785
1.5279118138478842
1.5313559629326639
1.5348010241100685
1.5382469906677008
1.541693855914528
1.545141613180874
1.5485902558184304
1.5520397772002639
1.555490170720809
1.5589414297958768
1.5623935478626545
1.565846518379713
1.5693003348269965
1.5727549907058287
1.5762104795389187
1.579666794870348
1.583123930265577
1.586581879311441
1.590040635616153
1.5935001928092913
1.596960544541802
1.6004216844860009
1.6038836063355573
1.6073463038054971
1.6108097706321953
1.614274000573376
1.6177389874080965
1.6212047249367456
1.6246712069810438
1.6281384273840218
1.631606380010023
1.6350750587446898
1.6385444574949632
1.6420145701890618
1.645485390776478
1.6489569132279736
1.6524291315355575
1.6559020397124837
1.6593756317932338
1.662849901833516
1.666324843910238
1.6698004521215017
1.673276720586598
1.6767536434459775
1.680231214861247
1.683709429015152
1.6871882801115676
1.6906677623754733
1.6941478700529427
1.6976285974111343
1.7011099387382616
1.7045918883435844
1.708074440557397
1.7115575897309985
1.7150413302366834
1.7185256564677185
1.7220105628383342
1.7254960437836913
1.7289820937598694
1.7324687072438527
1.7359558787334979
1.7394436027475215
1.7429318738254762
1.7464206865277363
1.7499100354354649
1.7533999151505995
1.7568903202958328
1.760381245514581
1.7638726854709685
1.7673646348497989
1.7708570883565418
1.774350040717296
1.7778434866787713
1.7813374210082702
1.7848318384936515
1.7883267339433115
1.7918221021861578
1.795317938071588
1.7988142364694544
1.8023109922700424
1.8058082003840497
1.8093058557425479
1.812803953296963
1.8163024880190453
1.8198014549008457
1.8233008489546796
1.826800665213103
1.8303008987288898
1.8338015445749907
1.8373025978445114
1.8408040536506816
1.8443059071268284
1.8478081534263409
1.851310787722639
1.8548138052091534
1.858317201099281
1.8618209706263622
1.8653251090436453
1.868829611624263
1.8723344736611882
1.8758396904672083
1.8793452573748985
1.8828511697365782
1.8863574229242832
1.8898640123297326
1.893370933364301
1.8968781814589726
1.9003857520643153
1.9038936406504507
1.9074018427070087
1.9109103537431025
1.9144191692872856
1.9179282848875308
1.9214376961111777
1.9249473985449064
1.9284573877947069
1.9319676594858317
1.9354782092627663
1.9389890327891968
1.9425001257479644
1.9460114838410352
1.9495231027894595
1.9530349783333432
1.9565471062317985
1.9600594822629134
1.9635721022237171
1.9670849619301345
1.970598057216953
1.9741113839377837
1.9776249379650264
1.9811387151898237
1.9846527115220258
1.9881669228901595
1.9916813452413746
1.9951959745414165
1.998710806774579
2.002225837943675
2.005741064069986
2.0092564811932263
2.012772085371509
2.0162878726812954
2.019803839217362
2.023319981092756
2.0268362944387635
2.030352775404856
2.033869420158657
2.0373862248859043
2.0409031857903996
2.0444202990939746
2.0479375610364463
2.0514549678755802
2.0549725158870427
2.058490201364359
2.062008020618881
2.0655259699797326
2.069044045793777
2.072562244425567
2.0760805622573124
2.079598995688828
2.0831175411374945
2.0866361950382197
2.0901549538433897
2.0936738140228286
2.097192772063755
2.100711824470743
2.1042309677656723
2.1077501984876865
2.111269513193158
2.114788908455632
2.11830838086579
2.121827927031404
2.1253475435772997
2.1288672271453
2.1323869743941883
2.1359067819996693
2.1394266466543153
2.1429465650675263
2.1464665339654863
2.1499865500911213
2.1535066102040488
2.1570267110805363
2.1605468495134623
2.164067022312261
2.1675872263028837
2.1711074583277585
2.1746277152457347
2.1781479939320474
2.181668291278265
2.1851886041922555
2.188708929598127
2.192229264436191
2.195749605662922
2.1992699502508994
2.2027902951887715
2.2063106374812067
2.2098309741488538
2.2133513022282876
2.2168716187719673
2.2203919208481975
2.223912205541073
2.227432469950435
2.23095271119183
2.234472926396466
2.2379931127111554
2.2415132672982785
2.245033387335741
2.248553470016917
2.2520735125506124
2.2555935121610116
2.2591134660876433
2.2626333715853226
2.2661532259241075
2.269673026389262
2.2731927702811983
2.276712454915438
2.28023207762256
2.2837516357481675
2.2872711266528256
2.290790547712022
2.294309896316129
2.2978291698703446
2.3013483657946527
2.304867481523775
2.3083865145071325
2.311905462208787
2.3154243221074013
2.318943091696199
2.322461768482906
2.325980349989714
2.3294988337532287
2.333017217324432
2.3365354982686255
2.340053674165387
2.343571742608534
2.3470897012060647
2.3506075475801187
2.3541252793669276
2.3576428942167773
2.361160389793949
2.3646777637766823
2.36819501385713
2.3717121377413046
2.3752291331490385
2.3787459978139336
2.382262729483324
2.385779325918219
2.389295784893262
2.39281210419669
2.396328281630278
2.399844315009296
2.403360202162473
2.4068759409319367
2.4103915291731757
2.4139069647549904
2.4174222455594556
2.4209373694818623
2.424452334430679
2.427967138327511
2.4314817791070418
2.434996254716999
2.4385105631181023
2.442024702284026
2.445538670201341
2.4490524648694794
2.4525660843006896
2.4560795265199826
2.459592789565094
2.4631058714864333
2.4666187703470497
2.4701314842225712
2.47364401120117
2.4771563493835176
2.4806684968827337
2.484180451824345
2.4876922123462393
2.491203776598626
2.494715142743981
2.4982263089570074
2.5017372734245957
2.5052480343457706
2.508758589931649
2.5122689384053976
2.515779078002189
2.519289006969154
2.522798723565335
2.526308226061653
2.52981751274085
2.5333265818974504
2.536835431837716
2.5403440608796086
2.543852467352733
2.547360649598302
2.550868605969094
2.5543763348293997
2.5578838345549886
2.561391103533056
2.56489814016219
2.5684049428523186
2.5719115100246657
2.575417840111721
2.578923931557178
2.582429782815903
2.5859353923538864
2.5894407586482058
2.592945880186974
2.5964507554692995
2.5999553830052506
2.6034597613157997
2.6069638889327904
2.610467764398887
2.613971386267543
2.617474753102945
2.620977863479976
2.62448071598418
2.627983309211707
2.631485641769278
2.634987712274138
2.638489519354025
2.641991061647113
2.6454923378019757
2.6489933464775532
2.6524940863430944
2.655994556078125
2.6594947543724086
2.6629946799258954
2.6664943314486864
2.669993707660989
2.673492807293085
2.6769916290852733
2.6804901717878398
2.6839884341610163
2.6874864149749342
2.690984113009585
2.6944815270547795
2.697978655910113
2.7014754983849127
2.704972053298205
2.708468319478678
2.7119642957646306
2.7154599810039386
2.7189553740540138
2.7224504737817674
2.7259452790635605
2.7294397887851694
2.732934001841751
2.736427917137791
2.7399215335870744
2.7434148501126376
2.7469078656467385
2.7504005791308073
2.75389298951541
2.7573850957602164
2.7608768968339468
2.7643683917143447
2.7678595793881295
2.771350458850969
2.7748410291074257
2.7783312891709238
2.78182123806372
2.7853108748168505
2.788800198470098
2.792289208071953
2.795777902679582
2.799266281358778
2.8027543431839255
2.806242087237972
2.809729512612376
2.813216618407078
2.816703403730457
2.820189867699301
2.823676009438761
2.8271618280823145
2.830647322771736
2.8341324926570497
2.8376173368964968
2.841101854656496
2.8445860451116145
2.8480699074445193
2.851553440845945
2.855036644514664
2.8585195176574385
2.8620020594889892
2.8654842692319584
2.8689661461168794
2.872447689382128
2.875928898273893
2.879409772046147
2.882890309960596
2.8863705112866516
2.8898503753013998
2.8933299012895546
2.8968090885434297
2.900287936362898
2.903766444055366
2.907244610935725
2.910722436326323
2.914199919556935
2.9176770599647144
2.921153856894169
2.9246303096971213
2.9281064177326805
2.9315821803671955
2.935057596974229
2.9385326669345266
2.9420073896359717
2.945481764473559
2.948955790849356
2.9524294681724763
2.9559027958590365
2.9593757733321246
2.9628484000217745
2.9663206753649196
2.9697925988053684
2.973264169793766
2.9767353877875675
2.9802062522509956
2.983676762655011
2.9871469184772876
2.990616719202164
2.994086164320624
2.997555253330254
3.0010239857352214
3.004492361046232
3.007960378780498
3.0114280384617174
3.014895339620026
3.0183622817919753
3.021828864520495
3.0252950873548694
3.0287609498506938
3.0322264515698505
3.0356915920804783
3.0391563709569347
3.042620787779768
3.046084842135685
3.0495485336175254
3.0530118618242197
3.056474826360765
3.059937426838198
3.063399662873553
3.0668615340898415
3.0703230401160133
3.0737841805869377
3.0772449551433563
3.0807053634318664
3.084165405104888
3.0876250798206275
3.0910843872430536
3.094543327041863
3.09800189889246
3.1014601024759134
3.104917937478932
3.108375403593845
3.1118325005185543
3.1152892279565183
3.1187455856167206
3.1222015732136374
3.1256571904672086
3.129112437102811
3.132567312851234
3.1360218174486385
3.1394759506365357
3.1429297121617656
3.146383101776453
3.1498361192379902
3.1532887643090035
3.156741036757333
3.1601929363559917
3.1636444628831466
3.1670956161220922
3.1705463958612152
3.1739968018939697
3.1774468340188524
3.1808964920393756
3.1843457757640343
3.1877946850062804
3.1912432195845035
3.1946913793219904
3.1981391640469092
3.2015865735922735
3.2050336077959276
3.2084802665005063
3.211926549553415
3.2153724568068056
3.218817988117545
3.222263143347189
3.2257079223619587
3.229152325032716
3.2325963512349314
3.2360400008486603
3.239483273758525
3.242926169853674
3.246368689027769
3.249810831178952
3.253252596209827
3.256693984027427
3.260134994543189
3.263575627672938
3.267015883336851
3.270455761459436
3.2738952619695083
3.277334384800168
3.2807731298887677
3.284211497176891
3.287649486610336
3.2910870981390774
3.294524331717251
3.297961187303124
3.3013976648590795
3.3048337643515837
3.308269485751161
3.3117048290323825
3.315139794173825
3.3185743811580606
3.3220085899716243
3.3254424206050013
3.328875873052591
3.3323089473126872
3.3357416433874647
3.339173961282942
3.3426059010089637
3.346037462579184
3.3494686460110334
3.352899451325701
3.3563298785481095
3.3597599277069
3.363189598834399
3.366618891966598
3.370047807143141
3.3734763444072886
3.3769045038059047
3.3803322853894286
3.3837596892118627
3.387186715330736
3.3906133638070934
3.3940396347054747
3.397465528093881
3.400891044043765
3.404316182630004
3.407740943930885
3.4111653280280696
3.414589335006585
3.4180129649548046
3.421436217964412
3.424859094130396
3.428281593551018
3.4317037163278026
3.4351254625655057
3.4385468323720976
3.44196782585875
3.4453884431398025
3.448808684332751
3.452228549558223
3.455648038939965
3.4590671526048107
3.462485890682668
3.4659042533065016
3.4693222406123057
3.4727398527390894
3.476157089828852
3.4795739520265747
3.482990439480186
3.4864065523405494
3.4898222907614493
3.493237654899563
3.496652644914442
3.5000672609684984
3.503481503226985
3.5068953718579707
3.5103088670323235
3.5137219889237006
3.5171347377085156
3.5205471135659274
3.5239591166778212
3.5273707472287934
3.5307820054061234
3.534192891399761
3.5376034054023155
3.5410135476090225
3.5444233182177354
3.547832717428904
3.5512417454455645
3.5546504024733068
3.5580586887202656
3.56146660439711
3.564874149717009
3.5682813248956236
3.571688130151093
3.575094565704009
3.5785006317774033
3.581906328596724
3.585311656389833
3.5887166153869723
3.592121205820753
3.5955254279261464
3.598929281940452
3.602332768103292
3.6057358866565905
3.6091386378445596
3.6125410219136773
3.6159430391126737
3.6193446896925217
3.6227459739064067
3.6261468920097206
3.62954744426004
3.6329476309171187
3.6363474522428594
3.6397469085013046
3.6431459999586244
3.6465447268830915
3.6499430895450704
3.6533410882170005
3.656738723173386
3.6601359946907706
3.6635329030477255
3.6669294485248423
3.670325631404704
3.673721451971879
3.6771169105129
3.6805120073162585
3.683906742672377
3.6873011168736
3.6906951302141855
3.6940887829902787
3.6974820754999023
3.700875008042941
3.704267580921131
3.7076597944380403
3.711051648899052
3.7144431446113617
3.7178342818839476
3.7212250610275652
3.7246154823547313
3.728005546179714
3.7313952528185084
3.7347846025888285
3.7381735958101
3.7415622328034335
3.744950513891617
3.748338439399101
3.7517260096519913
3.755113224978023
3.758500085706554
3.761886592168556
3.7652727446965906
3.768658543624802
3.7720439892889006
3.77542908202616
3.7788138221753864
3.7821982100769183
3.785582246072611
3.7889659305058196
3.792349263721388
3.7957322460656426
3.7991148778863666
3.8024971595327965
3.8058790913556053
3.8092606737068975
3.8126419069401836
3.8160227914103753
3.8194033274737773
3.822783515488065
3.8261633558122767
3.8295428488068017
3.8329219948333715
3.83630079425504
3.8396792474361736
3.8430573547424483
3.846435116540822
3.8498125331995356
3.8531896050880916
3.856566332577255
3.8599427160390247
3.863318755846634
3.8666944523745386
3.8700698059983982
3.8734448170950686
3.876819486042589
3.880193813220179
3.8835677990082114
3.8869414437882126
3.8903147479428526
3.893687711855924
3.8970603359123377
3.90043262049811
3.9038045660003564
3.907176172807272
3.9105474413081223
3.9139183718932435
3.9172889649540164
3.9206592208828637
3.9240291400732366
3.9273987229196123
3.930767969817469
3.934136881163284
3.937505457354528
3.940873698789643
3.944241605868039
3.947609178990085
3.9509764185570946
3.954343324971318
3.9577098986359274
3.9610761399550203
3.964442049333591
3.967807627177532
3.971172873893623
3.974537789889519
3.9779023755737417
3.9812666313556657
3.9846305576455183
3.987994154854359
3.9913574233940756
3.994720363677371
3.998082976117764
4.001445261129565
4.004807219127871
4.00816885052857
4.01153015574831
4.014891135204505
4.018251789315317
4.02161211849966
4.024972123177169
4.028331803768212
4.03169116069387
4.0350501943759305
4.038408905236878
4.0417672936998885
4.0451253601888135
4.048483105128179
4.051840528943167
4.055197632059625
4.058554414904034
4.061910877903513
4.065267021485817
4.06862284607931
4.071978352112972
4.075333540016382
4.078688410219718
4.08204296315374
4.085397199249783
4.088751118939757
4.092104722656128
4.0954580108319165
4.098810983900686
4.102163642296538
4.105515986454105
4.10886801680853
4.1122197337954844
4.115571137851129
4.118922229412132
4.1222730089156405
4.125623476799297
4.128973633501203
4.132323479459934
4.135673015114524
4.139022240904453
4.142371157269648
4.145719764650467
4.1490680634877055
4.15241605422257
4.155763737296684
4.159111113152078
4.162458182231181
4.165804944976814
4.169151401832175
4.172497553240853
4.175843399646796
4.179188941494316
4.182534179228089
4.1858791132931294
4.1892237441348
4.192568072198793
4.195912097931139
4.19925582177818
4.2025992441865725
4.20594236560329
4.209285186475597
4.21262770725106
4.215969928377523
4.219311850303123
4.222653473476265
4.22599479834562
4.229335825360127
4.2326765549689735
4.236016987621602
4.239357123767686
4.242696963857151
4.246036508340139
4.2493757576670195
4.252714712288381
4.256053372655021
4.25939173921794
4.262729812428342
4.266067592737617
4.269405080597347
4.27274227645929
4.276079180775384
4.279415793997733
4.282752116578598
4.286088148970406
4.28942389162573
4.292759344997289
4.296094509537938
4.299429385700673
4.302763973938612
4.306098274704997
4.309432288453189
4.312766015636656
4.316099456708974
4.3194326121238165
4.322765482334958
4.326098067796256
4.329430368961649
4.3327623862851645
4.336094120220894
4.339425571223
4.342756739745703
4.346087626243291
4.349418231170092
4.352748554980486
4.356078598128896
4.359408361069779
4.362737844257625
4.366067048146947
4.369395973192283
4.372724619848188
4.376052988569221
4.379381079809956
4.382708894024966
4.386036431668818
4.38936369319607
4.392690679061272
4.396017389718954
4.399343825623618
4.402669987229751
4.405995874991795
4.409321489364164
4.412646830801223
4.4159718997573005
4.41929669668667
4.422621222043547
4.425945476282093
4.429269459856402
4.432593173220503
4.435916616828345
4.439239791133811
4.4425626965906915
4.445885333652697
4.4492077027734505
4.452529804406472
4.455851639005192
4.459173207022929
4.462494508912905
4.465815545128221
4.469136316121866
4.472456822346715
4.47577706425551
4.479097042300872
4.4824167569352875
4.485736208611111
4.489055397780551
4.492374324895677
4.495692990408413
4.499011394770528
4.502329538433633
4.505647421849189
4.508965045468486
4.51228240974265
4.515599515122638
4.518916362059232
4.522232951003036
4.525549282404471
4.528865356713776
4.532181174381
4.5354967358559986
4.53881204158843
4.542127092027758
4.545441887623239
4.548756428823925
4.552070716078657
4.555384749836064
4.558698530544555
4.562012058652319
4.565325334607328
4.568638358857319
4.571951131849801
4.575263654032051
4.57857592585111
4.581887947753774
4.585199720186599
4.588511243595893
4.591822518427718
4.595133545127877
4.59844432414192
4.601754855915139
4.605065140892562
4.608375179518949
4.611684972238798
4.61499451949633
4.618303821735491
4.621612879399955
4.624921692933111
4.628230262778067
4.631538589377638
4.634846673174362
4.638154514610476
4.641462114127921
4.644769472168348
4.648076589173101
4.651383465583222
4.654690101839446
4.657996498382203
4.661302655651608
4.66460857408746
4.667914254129247
4.6712196962161325
4.674524900786959
4.677829868280242
4.681134599134176
4.684439093786618
4.687743352675094
4.691047376236799
4.694351164908588
4.69765471912697
4.700958039328124
4.704261125947871
4.707563979421692
4.710866600184711
4.714168988671712
4.717471145317112
4.7207730705549755
4.724074764819009
4.727376228542554
4.7306774621585905
4.73397846609973
4.737279240798218
4.7405797866859265
4.743880104194354
4.7471801937546285
4.750480055797494
4.753779690753317
4.757079099052084
4.760378281123397
4.76367723739647
4.7669759683001285
4.770274474262814
4.773572755712566
4.776870813077036
4.780168646783473
4.7834662572587385
4.786763644929283
4.790060810221156
4.79335775356001
4.796654475371084
4.79995097607921
4.803247256108809
4.806543315883894
4.809839155828061
4.813134776364486
4.816430177915939
4.8197253609047594
4.8230203257528705
4.8263150728817665
4.8296096027125275
4.832903915665799
4.836198012161798
4.839491892620317
4.842785557460711
4.846079007101902
4.849372241962377
4.852665262460192
4.855958069012958
4.859250662037846
4.862543041951589
4.865835209170475
4.869127164110343
4.8724189071865895
4.875710438814164
4.879001759407567
4.882292869380838
4.885583769147579
4.888874459120926
4.892164939713564
4.895455211337719
4.8987452744051625
4.9020351293272
4.90532477651468
4.908614216377987
4.91190344932704
4.915192475771292
4.918481296119732
4.92176991078088
4.925058320162783
4.928346524673017
4.9316345247186915
4.934922320706436
4.938209913042407
4.941497302132286
4.944784488381278
4.948071472194106
4.951358253975011
4.954644834127761
4.957931213055636
4.96121739116143
4.96450336884746
4.96778914651555
4.97107472456704
4.97436010340278
4.977645283423133
4.98093026502797
4.98421504861667
4.987499634588124
4.99078402334072
4.99406821527236
4.997352210780445
5.000636010261881
5.003919614113077
5.007203022729939
5.01048623650788
5.013769255841805
5.017052081126122
5.02033471275473
5.023617151121034
5.026899396617924
5.030181449637788
5.033463310572513
5.036744979813471
5.040026457751528
5.043307744777039
5.046588841279852
5.0498697476493035
5.053150464274212
5.0564309915428955
5.059711329843146
5.062991479562248
5.066271441086965
5.069551214803553
5.072830801097746
5.076110200354757
5.079389412959287
5.082668439295517
5.085947279747105
5.089225934697186
5.092504404528383
5.095782689622791
5.099060790361977
5.1023387071269966
5.105616440298373
5.108893990256107
5.112171357379668
5.115448542048013
5.1187255446395605
5.122002365532204
5.1252790051033115
5.128555463729722
5.131831741787739
5.135107839653148
5.138383757701196
5.141659496306601
5.144935055843545
5.148210436685687
5.151485639206147
5.154760663777511
5.158035510771836
5.161310180560643
5.1645846735149155
5.167858990005104
5.1711331304011265
5.174407095072359
5.177680884387643
5.180954498715284
5.184227938423051
5.1875012038781705
5.190774295447334
5.194047213496695
5.197319958391866
5.200592530497917
5.203864930179386
5.207137157800262
5.210409213723998
5.213681098313502
5.216952811931145
5.220224354938752
5.223495727697608
5.2267669305684565
5.230037963911495
5.233308828086378
5.236579523452216
5.239850050367581
5.243120409190494
5.246390600278434
5.249660623988335
5.2529304806765875
5.256200170699034
5.2594696944109725
5.262739052167155
5.266008244321789
5.269277271228532
5.272546133240499
5.275814830710254
5.279083363989818
5.28235173343066
5.285619939383708
5.288887982199338
5.292155862227375
5.295423579817104
5.298691135317257
5.301958529076017
5.305225761441019
5.3084928327593515
5.311759743377552
5.315026493641609
5.318293083896965
5.321559514488509
5.324825785760582
5.328091898056975
5.331357851720934
5.33462364709515
5.337889284521765
5.341154764342375
5.344420086898022
5.347685252529197
5.350950261575845
5.354215114377362
5.3574798112725865
5.360744352599814
5.3640087386967865
5.367272969900697
5.370537046548186
5.373800968975348
5.377064737517721
5.380328352510299
5.383591814287518
5.386855123183276
5.390118279530907
5.393381283663201
5.3966441359124016
5.399906836610193
5.403169386087718
5.406431784675562
5.409694032703768
5.412956130501822
5.416218078398658
5.419479876722673
5.422741525801701
5.4260030259630305
5.429264377533401
5.432525580839003
5.435786636205475
5.439047543957907
5.44230830442084
5.445568917918267
5.448829384773629
5.452089705309818
5.455349879849183
5.458609908713515
5.461869792224062
5.4651295307015255
5.468389124466052
5.471648573837245
5.474907879134156
5.4781670406752925
5.481426058778614
5.484684933761527
5.487943665940898
5.491202255633041
5.494460703153725
5.497719008818169
5.500977172941053
5.504235195836503
5.507493077818099
5.51075081919888
5.5140084202913355
5.517265881407411
5.520523202858501
5.523780384955467
5.5270374280086125
5.530294332327699
5.533551098221953
5.536807726000048
5.540064215970111
5.54332056843973
5.546576783715956
5.549832862105281
5.553088803913666
5.556344609446526
5.559600279008735
5.562855812904619
5.566111211437969
5.569366474912031
5.57262160362951
5.5758765978925675
5.579131458002833
5.582386184261385
5.5856407769687655
5.58889523642498
5.5921495629294915
5.595403756781223
5.598657818278558
5.601911747719346
5.605165545400894
5.608419211619971
5.611672746672813
5.614926150855114
5.618179424462032
5.621432567788187
5.624685581127669
5.627938464774027
5.631191219020271
5.634443844158883
5.637696340481811
5.64094870828046
5.644200947845706
5.647453059467895
5.650705043436833
5.653956900041795
5.657208629571525
5.660460232314238
5.663711708557608
5.666963058588786
5.6702142826943875
5.6734653811605025
5.67671635427268
5.679967202315954
5.683217925574819
5.686468524333242
5.68971899887466
5.6929693494819915
5.696219576437615
5.6994696800233875
5.702719660520639
5.705969518210174
5.709219253372269
5.712468866286672
5.715718357232616
5.718967726488796
5.722216974333392
5.72546610104406
5.728715106897928
5.731963992171604
5.735212757141172
5.738461402082196
5.741709927269717
5.744958332978256
5.748206619481812
5.751454787053866
5.754702835967377
5.757950766494785
5.761198578908013
5.764446273478466
5.767693850477027
5.770941310174069
5.774188652839442
5.777435878742481
5.780682988152005
5.783929981336323
5.787176858563222
5.7904236200999755
5.793670266213349
5.796916797169589
5.8001632132344305
5.803409514673099
5.806655701750304
5.809901774730248
5.813147733876615
5.816393579452591
5.819639311720843
5.822884930943528
5.826130437382301
5.829375831298306
5.832621112952176
5.83586628260404
5.839111340513523
5.842356286939737
5.845601122141294
5.8488458463763005
5.852090459902357
5.855334962976559
5.8585793558555
5.861823638795275
5.865067812051469
5.868311875879169
5.871555830532962
5.8747996762669334
5.878043413334668
5.88128704198925
5.884530562483267
5.887773975068807
5.891017279997459
5.894260477520319
5.897503567887982
5.900746551350548
5.903989428157621
5.907232198558312
5.910474862801235
5.91371742113451
5.9169598738057685
5.920202221062144
5.923444463150281
5.926686600316326
5.929928632805946
5.933170560864308
5.936412384736092
5.9396541046654905
5.942895720896208
5.946137233671454
5.949378643233958
5.95261994982596
5.955861153689215
5.959102255064989
5.962343254194067
5.9655841513167465
5.968824946672842
5.972065640501683
5.975306233042121
5.978546724532523
5.9817871152107704
5.985027405314271
5.988267595079946
5.99150768474424
5.994747674543118
5.9979875647120675
6.001227355486096
6.004467047099735
6.00770663978704
6.010946133781589
6.014185529316484
6.017424826624357
6.02066402593736
6.023903127487175
6.027142131505007
6.030381038221594
6.033619847867201
6.036858560671615
6.040097176864166
6.043335696673701
6.046574120328605
6.049812448056792
6.053050680085709
6.056288816642336
6.059526857953183
6.062764804244302
6.0660026557412685
6.069240412669201
6.072478075252751
6.0757156437161095
6.078953118282999
6.082190499176682
6.085427786619967
6.088664980835187
6.091902082044228
6.095139090468506
6.098376006328986
6.10161282984617
6.104849561240102
6.108086200730374
6.111322748536116
6.114559204876001
6.117795569968251
6.121031844030633
6.12426802728046
6.127504119934587
6.130740122209425
6.133976034320924
6.137211856484588
6.140447588915468
6.143683231828169
6.146918785436841
6.150154249955187
6.153389625596466
6.156624912573483
6.159860111098601
6.163095221383733
6.166330243640352
6.16956517807948
6.172800024911699
6.176034784347146
6.1792694565955175
6.1825040418660615
6.1857385403675895
6.1889729523084736
6.19220727789664
6.195441517339579
6.1986756708443425
6.201909738617545
6.2051437208653555
6.2083776177935155
6.211611429607327
6.214845156511654
6.218078798710928
6.221312356409145
6.2245458298098715
6.227779219116231
6.231012524530928
6.234245746256224
6.237478884493955
6.240711939445522
6.243944911311907
6.2471778002936516
6.250410606590871
6.25364333040326
6.256875971930077
6.26010853137016
6.263341008921918
6.26657340478334
6.269805719151985
6.273037952224987
6.276270104199067
6.279502175270514
6.282734165635198
6.285966075488564
6.289197905025647
6.292429654441055
6.295661323928975
6.298892913683183
6.30212442389703
6.305355854763454
6.308587206474972
6.311818479223695
6.315049673201307
6.318280788599086
6.321511825607893
6.324742784418179
6.327973665219976
6.331204468202911
6.334435193556197
6.3376658414686355
6.340896412128622
6.344126905724139
6.347357322442765
6.350587662471667
6.353817925997603
6.357048113206932
6.360278224285602
6.363508259419153
6.366738218792731
6.36996810259107
6.373197910998502
6.376427644198956
6.379657302375963
6.382886885712651
6.386116394391745
6.3893458285955775
6.392575188506073
6.395804474304764
6.39903368617278
6.402262824290862
6.405491888839346
6.4087208799981745
6.411949797946899
6.415178642864674
6.4184074149302575
6.421636114322018
6.424864741217932
6.4280932957955805
6.4313217782321574
6.434550188704467
6.43777852738892
6.441006794461536
6.444234990097957
6.447463114473426
6.450691167762805
6.453919150140567
6.4571470617808
6.460374902857209
6.463602673543111
6.466830374011442
6.4700580044347555
6.47328556498522
6.476513055834621
6.479740477154371
6.482967829115492
6.486195111888632
6.489422325644061
6.492649470551665
6.495876546780959
6.499103554501076
6.502330493880774
6.505557365088436
6.508784168292069
6.512010903659305
6.515237571357407
6.518464171553256
6.521690704413368
6.524917170103884
6.528143568790578
6.531369900638844
6.534596165813718
6.53782236447986
6.541048496801561
6.544274562942745
