-0.061885530108893784
-0.07254776402917515
-0.07705926708629432
-0.07746092458947129
-0.07812893587593996
-0.08166374536770409
-0.08230892529766917
-0.08332633126717041
-0.08414117329845534
-0.08482502819960029
-0.08740636873493376
-0.09138673704824013
-0.09251486756172496
-0.09342185691919262
-0.09647789930101688
-0.09715269153352686
-0.09770705439072971
-0.10202117968645467
-0.10259716642489658
-0.10291120861418485
-0.105586107966812
-0.10632918583836186
-0.1072810142810833
-0.10793773972542256
-0.10857172262058304
-0.10967895502657753
-0.10992049621531076
-0.11085145464163874
-0.11144770348078396
-0.11204833698693015
-0.1130096795380632
-0.113441993515265
-0.11412481347048288
-0.11429066077302329
-0.1148505869792753
-0.11552018207831956
-0.11659680026248849
-0.1168034454658044
-0.11740400866730606
-0.1176734883697306
-0.11799754979438269
-0.11824988047152586
-0.11852266757292855
-0.11886689867846535
-0.11968716110051837
-0.12094125753817282
-0.12147304209795545
-0.12182364246671061
-0.12214807889026327
-0.12283231776835704
-0.12318269720632029
-0.12405969715710853
-0.12456033611831212
-0.12517748507006995
-0.12629730944491152
-0.1266026784597786
-0.12728594797874027
-0.12770503498374083
-0.12872528212700224
-0.12918480114071954
-0.1302058939258232
-0.13049841910346924
-0.1310092151702389
-0.13149880052348867
-0.13210801942536538
-0.13270779798063725
-0.1346927105145589
-0.13492066841880604
-0.13539426497964946
-0.13564443569814003
-0.13669100117043906
-0.13699983725733633
-0.1376054017014231
-0.13797968575985828
-0.13834278758721824
-0.1388599798630471
-0.1393649924590574
-0.13969091725384014
-0.1400897518448316
-0.14042562875722595
-0.1406966459761993
-0.14138665212539364
-0.14164669055877263
-0.1419797131942712
-0.14278669412810147
-0.14337604546064467
-0.14388861984601858
-0.1442800287486505
-0.14453553921196763
-0.14539646114779667
-0.14578068134858746
-0.14648601513217602
-0.14687781066110348
-0.14742024872084505
-0.1477284272847097
-0.14816904835587807
-0.14856600240258624
-0.14888344785211705
-0.14960485183799574
-0.15006865757954563
-0.1505715998396044
-0.15081385656556578
-0.15111951624847372
-0.15169875326397006
-0.1519942024239519
-0.15237817979378956
-0.15289749056524507
-0.15322417907725305
-0.1540504148765976
-0.15448347715992478
-0.15488821278061912
-0.15558599452604943
-0.15577155115032004
-0.15608942880060628
-0.15658180558938017
-0.15721375981339508
-0.15784712681396895
-0.1580618844294514
-0.158556501898813
-0.158925904852898
-0.15931397261151994
-0.15954593151921778
-0.1598123416045372
-0.16003729156629987
-0.1604230653646509
-0.1608117036214396
-0.16107269739412158
-0.16129047971886432
-0.16176305029936977
-0.16205604774676655
-0.16249358775204747
-0.16278985056331485
-0.16329288704536585
-0.1636889857299204
-0.16396338831358098
-0.16424906367383946
-0.1645977857402862
-0.16494056354401124
-0.16530333399803554
-0.16558204898119255
-0.1659397669594642
-0.16626462565008795
-0.1665520625060686
-0.16678478750362039
-0.1670641739026842
-0.1672538077601527
-0.16777384829653177
-0.16806600594232662
-0.16837713284843783
-0.1685888411601451
-0.1694183015231341
-0.16979094334627076
-0.17020585266157245
-0.1704706772396077
-0.17079658416621357
-0.1713067227324055
-0.171533196116354
-0.1717690220952257
-0.1720966411128148
-0.17264164218177225
-0.17289877012040455
-0.17315335442001098
-0.17356611308728873
-0.17387098503846438
-0.17408589323847826
-0.174664713334533
-0.1750047558245795
-0.17518832050891067
-0.17544680202816096
-0.1757859350827143
-0.17608100003365015
-0.17625719679181606
-0.1767726920301603
-0.17737477648347424
-0.17759454119243084
-0.17777789621154627
-0.1780464485592252
-0.17837547035061183
-0.17892441857120736
-0.17918265116219625
-0.17947975318607814
-0.17976674710547366
-0.18044772721676458
-0.1806678461492494
-0.1809766099033572
-0.18129366712480008
-0.18156718641847586
-0.1818163532392954
-0.18207542625138398
-0.18248329809296135
-0.18277832619045806
-0.1831816917806541
-0.18338999427710562
-0.18357427115099767
-0.1840832696875211
-0.1846227054250537
-0.18508884897004443
-0.1853775090080448
-0.18565069291674102
-0.1858044296042294
-0.1861941013201522
-0.1866604676570388
-0.18713934287480044
-0.18728566497310883
-0.18761916365014042
-0.1878958845159416
-0.18825193649314462
-0.1885606156180358
-0.18887657561400575
-0.18901835826763186
-0.18940384690016465
-0.18970976386405666
-0.19006486987498097
-0.1902806916090451
-0.190533646233612
-0.1907045469285451
-0.1911176361599463
-0.1914735664437687
-0.1917451014079474
-0.19206605408934901
-0.19243150300803116
-0.1927072410463341
-0.1929729674557696
-0.19319835752187564
-0.19348773773683683
-0.19392104859919146
-0.19421399303376258
-0.1946854860197955
-0.19488532108485124
-0.19511426216592226
-0.19532874271406742
-0.1956316636208076
-0.19581179122238956
-0.19608508620389628
-0.1962595640881686
-0.1964544803238104
-0.19663530672587332
-0.19695050917154125
-0.19714270029278702
-0.1974286982810536
-0.19778020953987094
-0.19810030798263398
-0.19851053841572255
-0.1987862432959217
-0.19907862884767802
-0.19936981430438047
-0.19963125840689047
-0.1998507348325657
-0.20004904894568218
-0.20033270219112986
-0.20067370732500853
-0.20086519719889398
-0.20119736728915952
-0.20138223764959107
-0.20163235658695788
-0.20189462935242633
-0.20210649962761548
-0.20230185930731343
-0.2025368581281626
-0.2028165672023629
-0.20303184176242584
-0.20334643227236301
-0.20366245193365914
-0.20392136472441988
-0.20421800339048354
-0.20459257233471878
-0.2050010558514856
-0.20530401535339507
-0.2055515687208192
-0.20571017692032673
-0.20596085197608513
-0.2062168754288429
-0.20638466471184477
-0.2066401346426494
-0.2069234413231669
-0.20722362101757683
-0.20750008837911577
-0.20776480319836327
-0.20800679068463912
-0.20820007801352713
-0.20844293495853208
-0.2087094066518227
-0.20898323725553142
-0.20931015896505392
-0.20955750963797
-0.20977317827345937
-0.20994876238897842
-0.21022835247287958
-0.2104416475315447
-0.21063773034756975
-0.21086555051128303
-0.21103219931846126
-0.21118610438800922
-0.21141103592235133
-0.211550199432104
-0.21179448115697933
-0.2121844012414266
-0.21256546827261133
-0.21290527473892937
-0.21310163452598443
-0.21335835544833154
-0.21370147302604886
-0.21407834298796297
-0.2143936142919268
-0.21478947661381437
-0.21497997019965645
-0.21515815825129403
-0.2153393007233766
-0.21546708510928325
-0.21572465183949227
-0.21596598735485295
-0.21618970575206098
-0.21648473261340218
-0.21664645898054302
-0.21693080909136242
-0.2172047895992681
-0.21763452757141746
-0.2179412713122156
-0.21817297808487046
-0.2183698170565615
-0.21858293727335776
-0.21884240507042127
-0.2190495058902842
-0.21922563447090473
-0.21945206456082456
-0.21966610030672337
-0.21991654675961897
-0.22029385630923995
-0.22046105311400468
-0.22070930671977335
-0.22088451976824583
-0.22113547946925785
-0.22140933998562567
-0.2216595180152501
-0.22191635490881836
-0.22219385130149144
-0.22246436759931443
-0.22287530175441758
-0.2232932899814953
-0.22355058409495016
-0.22371044468900877
-0.22395142127562204
-0.22418467219054897
-0.22438689076738155
-0.22458353524311483
-0.22483303696198084
-0.22499991140414694
-0.22519812300266542
-0.22545897276625204
-0.22561753202662377
-0.2257423894101439
-0.22583596538947176
-0.2259602364624104
-0.22609349100463047
-0.22626930701489445
-0.2264388399679461
-0.22667139862228497
-0.22687117015820787
-0.22718530074145585
-0.2274570204729948
-0.22773386735127893
-0.2279507387184891
-0.22816976448302484
-0.22837979850078968
-0.22852249005385378
-0.22869155771415964
-0.2288927072093431
-0.22905896345635474
-0.22915896182646758
-0.2293232018096632
-0.22954535705054727
-0.22966015753378383
-0.22985371557249884
-0.22996906678359966
-0.23010995569924741
-0.2302950687502816
-0.23045899902611852
-0.2306197684003682
-0.23072731318127618
-0.23089063556577655
-0.2312629255708612
-0.23142048421311726
-0.23167500991412934
-0.23185891910214437
-0.23201755015611997
-0.23222437460220813
-0.23249361124040685
-0.23271046171966975
-0.2329971175640331
-0.23320573046226326
-0.23341723976162684
-0.23363544130351782
-0.23393808900225246
-0.23412998611248814
-0.2343242989989069
-0.23454223900172602
-0.23472754487462041
-0.2349055755750179
-0.23506878969048078
-0.23523964179530624
-0.2355007829238919
-0.235709063382299
-0.2360223545250184
-0.23633717298152837
-0.23652136049283443
-0.23669345156960558
-0.23692161253781863
-0.23711429911356424
-0.2373202952739686
-0.2375426136418643
-0.23770683527859293
-0.2378904494903486
-0.23800777300615572
-0.2382249927898259
-0.23839584994645574
-0.23856259421712123
-0.23889227858328765
-0.23908803302506643
-0.2393067852357826
-0.23944960941882856
-0.23964882149340438
-0.23987764455221994
-0.24003155613525676
-0.24019082551666765
-0.24037523443114203
-0.2405689074888067
-0.2407959257253447
-0.24102253154620534
-0.24114041165373262
-0.24127816073266276
-0.2414079967149573
-0.2415022356327752
-0.24166862107144133
-0.24181427138016023
-0.2420012960350207
-0.2421719734955017
-0.24232560285648463
-0.2424476450622349
-0.24262921774308632
-0.24278143874921898
-0.24292351391160408
-0.2430612034294833
-0.2432182799993106
-0.2433861490848283
-0.24356056652663838
-0.24371323153897728
-0.24387140850807548
-0.24401185840011164
-0.2441984617821125
-0.24440322348255397
-0.24457003129057586
-0.24470569103991396
-0.24487430980412989
-0.24502904758972419
-0.24525452813994772
-0.24541631769198152
-0.24559210651970542
-0.24580327010700664
-0.24597069686741843
-0.24610644129773374
-0.24621573610473033
-0.2463328800674012
-0.2464333918114986
-0.2466021527866939
-0.24672627293995544
-0.24683178540117445
-0.2469294925089948
-0.2470999309146242
-0.2473068229615743
-0.24749858154987525
-0.24763552528273108
-0.24778871803096383
-0.2479015497460127
-0.24810912547162556
-0.2482076746183538
-0.24832588193997013
-0.24845028323790389
-0.24856502388268667
-0.24864272270305043
-0.24878169077695994
-0.24894557439591541
-0.24907329678185935
-0.24923122742362547
-0.2493830159151508
-0.24954402649238544
-0.24963955953540223
-0.2497902885207082
-0.2499220553513339
-0.25007219289773674
-0.2502024268475183
-0.2503818329249798
-0.2504675387846623
-0.2506470762633199
-0.25079892567089773
-0.2509846849598799
-0.2511261216197362
-0.251335710057548
-0.25148294072330796
-0.25166246549524524
-0.25179808039916013
-0.2520913592093611
-0.252249377371938
-0.2523912605685265
-0.25250882625194176
-0.25262790834911647
-0.25276626202798835
-0.2529453941690568
-0.2530429098269
-0.25319542975061876
-0.2533409169033571
-0.25348064102668616
-0.2536352912374934
-0.2537755621847978
-0.25389531883024274
-0.2540696409722495
-0.25426071472668516
-0.25447918835640093
-0.2546394642594623
-0.25485097636500836
-0.2550104674494579
-0.25521627977592803
-0.255360357978462
-0.2555153621420062
-0.2556553502059469
-0.25577880524119195
-0.25587742001807534
-0.2560030824346279
-0.25613112892851286
-0.2562348918896631
-0.25634426178063224
-0.25647599147754724
-0.25662683550620774
-0.25673779228284455
-0.25685712770204605
-0.25698060313992244
-0.25714708602345115
-0.2572864723188444
-0.2574637043672099
-0.25757296523778667
-0.25771487037818397
-0.25785198850734264
-0.25796531657157873
-0.25804829675837404
-0.2581947790433617
-0.25838516656085336
-0.258582400813678
-0.2587744850667196
-0.2588868204220614
-0.2590294802161878
-0.2592000243791241
-0.25936011314822593
-0.25946119701273906
-0.2596053093445237
-0.2597406514462769
-0.25986859520495803
-0.2600126509439641
-0.2601126323860296
-0.26022242116329053
-0.26034159746499524
-0.26044948629792286
-0.26055029597674134
-0.26066352164607304
-0.2607908550773677
-0.2608398248189502
-0.26094748832063513
-0.26103984626790366
-0.2611546419412751
-0.2612681458518772
-0.2613798457662334
-0.2615520964882334
-0.26170638420906395
-0.26185494125996545
-0.26196966180576486
-0.26206247490497775
-0.26218141298472925
-0.2622945558473816
-0.26248538553924183
-0.2626268772299105
-0.2627282843949453
-0.26284288772340886
-0.26294720849056014
-0.2630552524620294
-0.26313973085162895
-0.26327750288234386
-0.2634094242513253
-0.2635167774238308
-0.26362067076582346
-0.2637066564324879
-0.2638314410481781
-0.2639518664268135
-0.26404875275947853
-0.26414096191809916
-0.26423237325882837
-0.2643032877868253
-0.26440476094923077
-0.2644866267944899
-0.2645710454547538
-0.2646546171554108
-0.2647438465904935
-0.2648731149321187
-0.26501128498219706
-0.2651361864534588
-0.26523153170028163
-0.2653702136413119
-0.26546711731857214
-0.26557635787019573
-0.26570119162548395
-0.2657800447573385
-0.2659022169562813
-0.26596964203197043
-0.26605011978054177
-0.26614891283668374
-0.2662382541995708
-0.2663209014596758
-0.2664205127859322
-0.2665154953335895
-0.26660397884465437
-0.266691253902737
-0.2667656783493988
-0.26679948680691845
-0.26687335086261754
-0.26694347712521854
-0.26702155353810975
-0.2671101059987255
-0.2672043359594328
-0.2672998135930548
-0.2673799198325411
-0.26746420499647955
-0.2675575656995046
-0.2676742141440593
-0.2677739206018523
-0.2678535203430137
-0.26799585968671047
-0.26810358979242066
-0.2681953133241494
-0.2682738847457768
-0.26834121300028324
-0.2684231927678577
-0.2684882512950386
-0.26855214486222545
-0.2686354351292638
-0.2687446527659031
-0.2688329451971374
-0.26891489745954245
-0.269006477352681
-0.2690685947793201
-0.2691368375642423
-0.2692506275315809
-0.26933159451930455
-0.2694160453840536
-0.26954665008253775
-0.2696575577611664
-0.2697564397628609
-0.2698493282191433
-0.26994671987722757
-0.27004584175879887
-0.27015223954290757
-0.2702564582109712
-0.2703357133513478
-0.2704153476652941
-0.2705009387217809
-0.2705916140785126
-0.2706656557946456
-0.2707432097193539
-0.27083586900579215
-0.2709119833128886
-0.2709860392387244
-0.27105886286880426
-0.2711493294904626
-0.27122570201286533
-0.27129330802338464
-0.2713600315789372
-0.27143591419406327
-0.2715208547938541
-0.27157973818503667
-0.2716428263120048
-0.2717027936551426
-0.27176159517958964
-0.2718610053065365
-0.2719260652577777
-0.27201416490385644
-0.27209262563753933
-0.27217766419835
-0.2722188800614521
-0.27229193627660236
-0.2723595451179882
-0.27245036021289143
-0.27251218196246535
-0.27257887181088497
-0.2726571001927226
-0.27271318914027015
-0.2727871036148957
-0.27286391610757327
-0.27292582552883377
-0.27301087663634926
-0.27306249757565915
-0.2731110888252277
-0.27315366723174683
-0.27323426027100506
-0.27329339420283655
-0.2733726947517078
-0.2734250520613957
-0.27350742260293226
-0.27359676973813346
-0.27364888395152104
-0.2737110404100553
-0.2737655036215566
-0.27381495811925316
-0.27386764718427187
-0.2739343909432647
-0.2739841075037494
-0.27404395944256854
-0.27410282755107246
-0.2741682551777073
-0.27423807471915035
-0.2742810445292492
-0.274338704906274
-0.27439424712820343
-0.2744553707902861
-0.2745025517254352
-0.2745385793177133
-0.27457844784110585
-0.2746256819751915
-0.2746783739809322
-0.2747295860959494
-0.27479318441929096
-0.2748577528979773
-0.27491969928551857
-0.27497976092221377
-0.2750497597759195
-0.27509986400169845
-0.2751500392333554
-0.2752081927886641
-0.27525563814704934
-0.27531048320076407
-0.2753537263547058
-0.2754168243080911
-0.2754740907990738
-0.275504568443444
-0.2755495705339101
-0.27559857531725446
-0.27564496916241066
-0.27567856779031535
-0.2757260411348983
-0.27576870880406884
-0.27581803792379267
-0.2758504194795794
-0.2758907414761274
-0.2759251416448701
-0.27595752982365307
-0.2760195748215075
-0.27606839656215676
-0.27611189961967975
-0.2761579469163394
-0.27619776167722454
-0.2762357236722689
-0.27627652764631966
-0.2763131915787159
-0.27635296213180927
-0.27639073987999957
-0.27642728872585914
-0.27645735182208747
-0.27649218136345066
-0.2765293748369048
-0.2765707933503655
-0.27661221105274997
-0.27665396573810547
-0.2766876039194572
-0.27672738548508485
-0.27677475339393093
-0.2768003566705058
-0.2768231910518088
-0.27685904932103444
-0.27690206133059225
-0.2769382574045875
-0.27696378970031627
-0.2769825589904541
-0.2770124861638435
-0.27704573239358676
-0.2770709264086428
-0.2770927857300737
-0.27711674353974
-0.2771469630741835
-0.277175179305465
-0.2772048044029659
-0.277238022558722
-0.2772723403957189
-0.2773059814108878
-0.27733486539338165
-0.2773666661498601
-0.27739885158348304
-0.2774286069137742
-0.27746361894239097
-0.2775022135351421
-0.27754501801558046
-0.27758202706365853
-0.277608214423623
-0.2776353932871224
-0.2776515683233864
-0.2776696974834015
-0.2776929562585644
-0.27772053198192354
-0.27775812234497993
-0.2777775424403316
-0.2777990815459091
-0.2778175414917773
-0.2778340239093899
-0.27785316916522396
-0.2778783441393979
-0.277897228691301
-0.27791840075428775
-0.2779407639820876
-0.2779667391490596
-0.2779904681447456
-0.27800756988846775
-0.2780208618623083
-0.278041703299926
-0.2780628305578813
-0.2780787736234373
-0.2780906350661451
-0.2781039916020257
-0.27812010919597535
-0.27813902950235003
-0.2781586491698897
-0.27817559263867303
-0.2781904042327576
-0.27820531575466384
-0.27821964422217044
-0.2782346785667815
-0.2782490809384053
-0.2782623282258714
-0.27827274526165546
-0.27828084801312236
-0.2782920927625234
-0.2783002084413574
-0.2783112839602255
-0.2783248088841891
-0.2783350271225927
-0.2783467248109491
-0.27835607006540614
-0.27836175511243705
-0.2783674931727276
-0.2783746612734906
-0.2783801256858622
-0.2783876768861905
-0.27839777288012907
-0.2784033865717202
-0.278410862091604
-0.27841933032574895
-0.27842642415399527
-0.2784330167710941
-0.27843801309953925
-0.2784404608796631
-0.2784438885685263
-0.278448023324162
-0.2784526058060373
-0.27845573348396657
-0.27845857102966093
-0.27846061350625684
-0.2784619271994769
-0.27846302676560203
-0.2784638325626865
-0.27846434161285194
-0.2784645333274754
-0.27846445188832275
-0.27846403854258966
-0.2784632268314322
-0.2784623339535398
-0.2784612677660121
-0.2784594790694759
-0.27845717981083756
-0.27845408827799795
-0.27845172661922907
-0.278448753859978
-0.2784449644878844
-0.2784413370736082
-0.2784377513173129
-0.27843493982401324
-0.2784311554061569
-0.2784273017362881
-0.27842279653028995
-0.27841723220312814
-0.27841108596318664
-0.2784055879079552
-0.27839908275468517
-0.27839101327071464
-0.27838538466077134
-0.2783791920892578
-0.27837031467079076
-0.27836095901879493
-0.2783525576162656
-0.27834109835025195
-0.27833152853822546
-0.2783202129255833
-0.27830710563278865
-0.27829549273677184
-0.27828390752513665
-0.2782703151437809
-0.2782596974356953
-0.2782475473754175
-0.27823056923977885
-0.2782136190228693
-0.2781981055474229
-0.2781790285658425
-0.27816587475068977
-0.278151748309227
-0.2781310306702726
-0.2781158742491061
-0.278101437973073
-0.278084695275569
-0.2780601615895754
-0.2780445008858835
-0.2780294580438459
-0.27801581269836073
-0.2780048539035568
-0.277985694134887
-0.27797060399805074
-0.27795461492741275
-0.27792796099827566
-0.27790001648396273
-0.2778802271963057
-0.2778631228403759
-0.2778457122131575
-0.27782121163012413
-0.277798307218143
-0.2777776651202023
-0.2777526811916068
-0.2777310074341219
-0.27771175522407054
-0.2776921157740031
-0.27766876154034564
-0.27764504021252906
-0.2776236690068512
-0.2775978064880141
-0.2775784100193135
-0.2775523100059897
-0.2775270303349237
-0.27751010232913625
-0.2774854566766532
-0.2774561301391947
-0.2774324389469298
-0.2774068264949905
-0.277384819434702
-0.27736544963968895
-0.2773341390128808
-0.27730281291982983
-0.2772696347035075
-0.2772440499445057
-0.2772116464716441
-0.2771852755471806
-0.27715469764544703
-0.2771153884893923
-0.2770823568857898
-0.2770448990171315
-0.2769948224347057
-0.2769435673177217
-0.27689922640240966
-0.27687193351917455
-0.27683216152931867
-0.2767849523045218
-0.27675102111821737
-0.27670425362833717
-0.27667066681488584
-0.27663758279301526
-0.2766026092274706
-0.2765617726738319
-0.27652745950583985
-0.27649710549230777
-0.2764704429254196
-0.2764301207116413
-0.27638670883966976
-0.27634224714413813
-0.27630201474639415
-0.2762491147389184
-0.27621094834088944
-0.2761715087701904
-0.27613368101287766
-0.27609560537447114
-0.2760565508564132
-0.2760134200919458
-0.27597170242187735
-0.2759444557790036
-0.27591152107487094
-0.27587861304300915
-0.2758297453738383
-0.2757782872724844
-0.2757399138946894
-0.275690165485915
-0.2756346178358502
-0.2755791611175212
-0.2755355262182073
-0.2754895845364035
-0.27545324390094333
-0.2754115286582253
-0.2753872266026768
-0.2753459725617148
-0.27529733348914937
-0.2752515886201611
-0.27520209721545125
-0.27515564607427634
-0.27510097303903197
-0.27505402362186876
-0.27501426945143154
-0.2749703551018785
-0.2749200830938283
-0.2748584274739998
-0.2747832772288092
-0.2747299398865472
-0.2746816748767137
-0.27462886707696316
-0.27458229280843666
-0.27453552323747266
-0.27447491290287834
-0.2743989110574439
-0.2743370178819311
-0.27426363036516105
-0.2742222989531229
-0.2741807820046552
-0.2741284200369923
-0.274066262907027
-0.27401357791967057
-0.27396162804213575
-0.2739119127511937
-0.27384994306314914
-0.27378586300592295
-0.27373722734911077
-0.2736646549175394
-0.2736066985999326
-0.2735288354334605
-0.27347928926139164
-0.27341861206692064
-0.27337786120467156
-0.27332999802555735
-0.2732768450595674
-0.2732095176751743
-0.27314319157119843
-0.2730645039769319
-0.27301773743393737
-0.2729548014747134
-0.27288810200491476
-0.27281114337298973
-0.27272828662697324
-0.27264781292557455
-0.27256590182446794
-0.27247003422972965
-0.27238403701076846
-0.2723270949004995
-0.27226215130069054
-0.27219629636206993
-0.27214537226068763
-0.27207901844460897
-0.2719951993406797
-0.2719159730056591
-0.2718443833321645
-0.2717605043498843
-0.27170141167747053
-0.27163067991556755
-0.2715541359024565
-0.27147565613494745
-0.27141797215173363
-0.27136730852628765
-0.27128486084851783
-0.2712131416483408
-0.2711275399699206
-0.2710673562589313
-0.271009555743792
-0.2709459105543148
-0.27086402448967556
-0.27077498307233966
-0.2706829901940351
-0.27060154603006537
-0.27052236388560097
-0.2704674826462466
-0.27040595517265587
-0.27034684503025436
-0.2702720393103961
-0.27018501078592677
-0.2700758808705485
-0.2699770960199397
-0.26985165412501616
-0.2697636738791076
-0.2696757217475249
-0.2696216854307512
-0.2695591565704923
-0.26949780036431303
-0.26941511919464245
-0.2693411744614024
-0.2692550224933047
-0.26915270186958024
-0.26903002785793156
-0.26892373819807436
-0.2688186335977492
-0.2687004344638729
-0.2686090667316602
-0.2685341441251922
-0.2684632370244452
-0.2683936828002277
-0.2682971050102554
-0.26822625584125337
-0.2681575627667998
-0.26805731767013674
-0.2679443745729175
-0.2678305312465091
-0.2677560560170241
-0.2676938681663719
-0.26760364627472766
-0.2675206966767177
-0.2674053979049803
-0.26729115928533614
-0.26717201018682446
-0.26708440952237505
-0.267009512888944
-0.2669305966144905
-0.26683896112435446
-0.2667447438368999
-0.2666564520254201
-0.2665467451537068
-0.2664702719469687
-0.26638547433105764
-0.2663045859475466
-0.266193802050894
-0.2660676003330297
-0.26595917126713287
-0.2658602650826991
-0.2657699202236979
-0.2656892674621028
-0.2656004633585468
-0.2654563066773896
-0.26536695791455567
-0.26529920413567315
-0.2651952608335818
-0.2651098606670195
-0.2650159485972992
-0.26491468189841794
-0.2648207781668942
-0.26472345274059417
-0.2646336819482309
-0.2645241994557529
-0.2644212667476817
-0.2643114224407829
-0.2642093046530145
-0.2641109209665006
-0.2639775527918549
-0.26386331107530525
-0.2637694531953223
-0.2636713971278056
-0.26357928364415617
-0.26347111316325833
-0.26334964723016135
-0.263261443192828
-0.26317014509980896
-0.26305311326893316
-0.2629588228746141
-0.26285794534214785
-0.26275741389775326
-0.26259914606058604
-0.26247876327895003
-0.26238060418466186
-0.2622872175548045
-0.2621648560513046
-0.26205555504737954
-0.2619507957662016
-0.26183919107699416
-0.26172455570943426
-0.2616148647337906
-0.26151141247024245
-0.26141123524889437
-0.26130804153419723
-0.261202096080055
-0.2610807449308279
-0.26098292347692603
-0.2608356404763
-0.26070663379021897
-0.26059089505221567
-0.26048527083513645
-0.26033865293056335
-0.26021164494195775
-0.2600913390963517
-0.259963016000752
-0.25987036673694885
-0.2597871716282033
-0.25967341039428343
-0.25952105493618943
-0.25936315247972397
-0.25918727692871907
-0.2590649681327651
-0.25891774517793215
-0.25873968319958746
-0.25860182034415213
-0.25845536057638935
-0.2583418862456878
-0.258261211067416
-0.2581613159547006
-0.25806728641456306
-0.25794068624837646
-0.25780471034659375
-0.2576630741998911
-0.25754188123696514
-0.2574031674211668
-0.25727898973839836
-0.25718402774818394
-0.2570760936216511
-0.2569609262336219
-0.25685540664240575
-0.2567471171012023
-0.25657186767745266
-0.2564047551406489
-0.2562662277977169
-0.2561358765683157
-0.2560165521769206
-0.25587191993638997
-0.2556519484736807
-0.2555009025651346
-0.2553497747478591
-0.2551976469309658
-0.25508517180462975
-0.2549803032679837
-0.2548360832664628
-0.2546924101631677
-0.2545625449401067
-0.2544390924791489
-0.25431714557545465
-0.25418459219288503
-0.25407370729797657
-0.2539470448170093
-0.25377393707634094
-0.25360920302827933
-0.2534584009405658
-0.2533236615339493
-0.2532080786372498
-0.2531101660081834
-0.25297517195042146
-0.2528320186975771
-0.2526993657708208
-0.25256402548200413
-0.2524036789566183
-0.2522828507543932
-0.252166606710135
-0.25202730132152756
-0.25187088039310035
-0.25171972008402765
-0.2515464740528477
-0.2513390865065772
-0.251208786027039
-0.25109026510931703
-0.25100153996403135
-0.25084175868766195
-0.2506148783904505
-0.250474276768495
-0.2502754430673308
-0.2500851841922632
-0.24993651491328156
-0.24979132414230873
-0.24963102309760166
-0.2494862494824227
-0.24931243381331916
-0.2491692220296282
-0.24903328872253475
-0.24890828199326817
-0.2487630807690384
-0.2486035399922631
-0.24846842464218388
-0.2483284278870607
-0.24819622621227988
-0.2480824585215334
-0.24796644912854116
-0.2477973705774232
-0.24757532262894902
-0.2474305783980108
-0.24729350695271152
-0.2471163516209095
-0.24694898801101325
-0.24683439727113513
-0.24664996159239697
-0.2464801924977989
-0.24635096203947277
-0.2462113927449307
-0.24605433791069453
-0.2458932663727844
-0.2457035958580095
-0.24553998600968463
-0.24542327036309863
-0.2452875847686505
-0.24509544144787168
-0.24491486355859657
-0.24475226971708341
-0.24464361445313246
-0.2445148382773442
-0.24439010620691365
-0.24421921796162754
-0.24408302995058662
-0.2439619994387642
-0.2437898138786172
-0.24357660424923847
-0.24337887146186982
-0.24317595916038995
-0.24301603953284626
-0.24288222982211713
-0.24274610645973638
-0.24259751576244787
-0.24243848221658432
-0.24228299811543297
-0.24217099068438538
-0.2420285123228008
-0.24182162792274495
-0.24167557982252172
-0.24152207569935927
-0.24135067734012244
-0.24119376711485063
-0.24105686344302282
-0.2408988756582117
-0.24074665189013036
-0.240618803008783
-0.24049080325091138
-0.2403477359217683
-0.24019307212588403
-0.23996879891738243
-0.23974981737479714
-0.23950283967377003
-0.2392433494084431
-0.2390297938271044
-0.23881596657742313
-0.23859711452477086
-0.23839059280221403
-0.23819050726476232
-0.23791994353441423
-0.2377688544944035
-0.2375661448148169
-0.23735331533954557
-0.23719208452593282
-0.23701913197027072
-0.23682778553602038
-0.236663427570113
-0.23648690721269924
-0.23629181634148003
-0.2360514124170048
-0.23585384316966787
-0.23569084560654047
-0.235474677210558
-0.2352177594801972
-0.23497214674390063
-0.2347476185707609
-0.23456468915267428
-0.2344484560886514
-0.23431033029429896
-0.23414826146382503
-0.23399453523864494
-0.23384904341902102
-0.23366457860909637
-0.23344855741979775
-0.23324408236026825
-0.23302130630358703
-0.2328138675855499
-0.2326439564472108
-0.23246817109853296
-0.2322869514669044
-0.23205653154820458
-0.23189687733296716
-0.23173815995418176
-0.23155470700722736
-0.23134424952987612
-0.2311632027413816
-0.2309532555585399
-0.23074909789980858
-0.23044305638143828
-0.2301710785049981
-0.2299444337703953
-0.22976477832335981
-0.2295824626807194
-0.22939567979282544
-0.22923679251211374
-0.22907828725578083
-0.22889561137000833
-0.22868886920710516
-0.2284815771708418
-0.22825247113498384
-0.22798427675958027
-0.22780946360713547
-0.22762368727940605
-0.22744330545072786
-0.22715137653505887
-0.2269637266278714
-0.22675096595128416
-0.22652636824651334
-0.22632181293370704
-0.22609105301950608
-0.22585313419668243
-0.22561985654323446
-0.22536314928800952
-0.2251604144980288
-0.22487163812206243
-0.22455312187356527
-0.2242567211261126
-0.22401129771469827
-0.22383349960447183
-0.22366868515776867
-0.22342617026318523
-0.2232307233537103
-0.223098705101653
-0.22297734022201848
-0.22280890935138212
-0.22259324927086904
-0.2224225987745121
-0.222277601895151
-0.2220782434044359
-0.2218943302425288
-0.22167563604585114
-0.22150830718438128
-0.2213512460857761
-0.2211607357588687
-0.22092001467999678
-0.22074315476336379
-0.22055041531791775
-0.22040398056291763
-0.22025612693694835
-0.22008920891502376
-0.21989761712116843
-0.21966876294770057
-0.21940325295974322
-0.21918742517146514
-0.21902780985652243
-0.21885687462133885
-0.21868258507151647
-0.21851190385886596
-0.2183565939214156
-0.2181696211736862
-0.21799491810538443
-0.21777073926882823
-0.21749524969698894
-0.21722944358951246
-0.2169721277105643
-0.21681242117388957
-0.2166225455306697
-0.21643420027392157
-0.21627629217811534
-0.21609852470494784
-0.2158554597026677
-0.21556103774709193
-0.215282635703976
-0.2150260886030634
-0.2148486299586188
-0.21465716175162283
-0.2144285568815022
-0.21422026012478648
-0.214016456973513
-0.21381050743349608
-0.213611959728937
-0.21339132924641505
-0.21314276926731057
-0.21291874738001507
-0.21269318246543495
-0.21242832595513114
-0.2121748023148571
-0.2119176129888541
-0.21173412498863536
-0.21156456028782603
-0.21141217145227084
-0.21119542859356252
-0.21091481476567628
-0.2107142346454016
-0.21051174781083234
-0.2103138471507132
-0.21006984766681047
-0.20985551996907295
-0.20967134260077117
-0.2094438256471667
-0.20916110542266003
-0.20882962917757694
-0.208556965099368
-0.20827500573649513
-0.20809357303223575
-0.20793253247097682
-0.20764779790588006
-0.20740709003151814
-0.20718315960453101
-0.20694198023071722
-0.20672581265427753
-0.20651966338971015
-0.2062676878328224
-0.20597735917384144
-0.20569721843323763
-0.2054579331218826
-0.20522436909204217
-0.2050386654096836
-0.2048641250688886
-0.2046281483813271
-0.20435031049346375
-0.20413371420279125
-0.20394877346185292
-0.20370461813457902
-0.2034359620905725
-0.203223198340411
-0.20296207516987336
-0.20278005670418073
-0.20250239448707066
-0.202176025443964
-0.20188834224454752
-0.20161300515408262
-0.20131607780347785
-0.20100151186886994
-0.20080925946810738
-0.20062026055268342
-0.2003980818336038
-0.20016693007324213
-0.19992282174898335
-0.199729628722363
-0.19950172647410025
-0.19924066914394148
-0.19896172953329816
-0.19865802286302456
-0.1983216388702064
-0.1980727982133082
-0.19789741351246815
-0.19763157930537573
-0.19732416786404772
-0.19700943308948138
-0.1967807145918494
-0.1965400544656202
-0.19628151421893264
-0.19608050541484567
-0.19585113461008213
-0.19562841758966984
-0.195414443832358
-0.195204694540934
-0.19497315621665232
-0.19477595567363254
-0.19454919482946947
-0.1943499116336044
-0.19414138550868953
-0.1939490457462947
-0.19376145108855736
-0.19355632458746647
-0.19331316024680675
-0.19307465689371048
-0.1927947278976183
-0.19252575603499877
-0.19229493477696852
-0.19198565342453203
-0.19171646028120046
-0.19142018927165144
-0.19119895700870576
-0.19091629067262283
-0.1906826061634583
-0.19039227989974977
-0.19014850613324794
-0.18986191508791397
-0.1895754170818023
-0.18934303497226734
-0.18902382753535343
-0.18873992146432672
-0.18855946900367407
-0.18838818076260075
-0.1881766051367963
-0.18796520907801076
-0.1877205031162792
-0.18743065427768632
-0.1871460561270966
-0.18689886521616456
-0.18672272937279485
-0.18643806790153172
-0.18613069840992846
-0.185831609435347
-0.18549765230659268
-0.18524654131972915
-0.18494596756841414
-0.184734609919201
-0.18452352853298482
-0.18432499394838173
-0.18412143185446755
-0.18391732915317185
-0.1836748457865224
-0.1834581651842945
-0.18317691633498456
-0.1829226258629084
-0.18261120268590514
-0.18238960483301497
-0.18205570202885987
-0.1817505908012929
-0.18139638587478785
-0.18118421902583776
-0.1809497848320257
-0.18078872223326042
-0.1805487982246724
-0.18032060423631371
-0.1800348041523047
-0.1797317860355248
-0.17942348543120223
-0.1791549338375913
-0.17883422823199727
-0.1785270466775277
-0.1782987773215387
-0.17800813578076233
-0.17772510213147175
-0.17743433859364774
-0.17718601451124444
-0.17693992982367734
-0.17664196438283666
-0.17636357648820972
-0.17610995973125632
-0.17590943256658484
-0.17562374037682077
-0.1753545021224492
-0.1751118142160535
-0.17480388561240548
-0.1744492592270225
-0.17417925265617246
-0.17385831610022756
-0.17357280627548172
-0.17334536848443166
-0.1730704559486033
-0.17280283643322467
-0.17235358738071718
-0.17203865180083733
-0.17173951068161775
-0.17146460363072458
-0.17113338132986647
-0.17080615455057124
-0.17052830702456456
-0.17024807003552198
-0.16998443864126908
-0.16966423768184255
-0.16932150245882302
-0.16904520741476095
-0.16875082581963333
-0.16846400148062887
-0.16810996185119298
-0.16782418638995994
-0.1675862694675853
-0.1672982352982277
-0.16700722298620183
-0.166724243169132
-0.1665450473021544
-0.1663016287743943
-0.16605495345219926
-0.1658109984432168
-0.1655698544124949
-0.1653625258261075
-0.16511235629042625
-0.1648488133084374
-0.16452171890588316
-0.1641596685224499
-0.16382653896469263
-0.16351495873369198
-0.16313395927302515
-0.16287833466567436
-0.16251939280304878
-0.16220516675772154
-0.16188271085877168
-0.16163345368984933
-0.16139958008856473
-0.1610833547884045
-0.1607953980261193
-0.16050449393753452
-0.1601982311689323
-0.1599616517644346
-0.1597187752586534
-0.15947174104418926
-0.15918120072462238
-0.15893401031151816
-0.15863881489791395
-0.15836429553172257
-0.15803201889661508
-0.15777359267710128
-0.15751788105494047
-0.1572904096615437
-0.1569517100070435
-0.15661550492566667
-0.156312458969125
-0.1560416059537122
-0.15569537347401213
-0.1553490315219205
-0.15497611634356814
-0.15463045544147383
-0.15424115648111444
-0.15392872271744004
-0.1535303165483658
-0.15318532519067748
-0.1528792260471314
-0.15249135163306402
-0.15208699393792788
-0.15163306735297477
-0.15118139748793472
-0.15076201707778564
-0.15035085805845322
-0.15002843144480807
-0.14966763749821188
-0.14932743433843826
-0.14895969660045413
-0.14853742408136897
-0.14813670652418642
-0.14778403121613545
-0.14748324320111683
-0.1471950702875707
-0.14691853673915403
-0.1466464492337818
-0.14642102759788866
-0.1461057556455926
-0.14577833016562095
-0.14550072128426825
-0.1451939768430072
-0.14493485476830784
-0.14462290702217406
-0.14434039930517809
-0.1440575693095939
-0.14380249843614096
-0.14347990088893733
-0.14318202594329346
-0.14287975987763235
-0.14253700612371564
-0.14227243339852366
-0.14194809173011347
-0.1415989841594362
-0.1412480934326229
-0.14093069576813985
-0.14065499644719215
-0.14031466212669802
-0.13998050683950314
-0.13966817620217917
-0.13937403995435568
-0.13898993939454424
-0.1386315256880054
-0.13839013004043596
-0.13813561523833381
-0.13784033440069463
-0.1374976450562706
-0.13717453872482865
-0.1367895639230801
-0.13646628999942695
-0.13612118001822673
-0.13581777869759895
-0.135394079798886
-0.1350540481791252
-0.13472707992222294
-0.1344058137381581
-0.13409409282381426
-0.13378215773757815
-0.13346106766720947
-0.13308801419914534
-0.13268584712636178
-0.13232186234911258
-0.1320587706900176
-0.1317377724329294
-0.13142408271800746
-0.13112257073856792
-0.13084318301280298
-0.1305754116713941
-0.13027569902554326
-0.12993605972109043
-0.12961755345903495
-0.1292770241881776
-0.12884434916541312
-0.12841996316813184
-0.12810571965313622
-0.12774202472368226
-0.1273932144850704
-0.12708673805768483
-0.12681841892838883
-0.12652083222802543
-0.1261272457574679
-0.1257893952700223
-0.12533428297226154
-0.12488167879425785
-0.12444582641045263
-0.12401970119589072
-0.12364369822691965
-0.12333593567024721
-0.1230273913374331
-0.12266642449884597
-0.12227829478143473
-0.12183657181443837
-0.12137367635290053
-0.12097097114482408
-0.12055792017708582
-0.12012806632258097
-0.11974945878665559
-0.11940048901975227
-0.11912720394636804
-0.11881190405131795
-0.11852507878166171
-0.11814425872800866
-0.11779929935782735
-0.11747107164372321
-0.11717395149847486
-0.11678529686616683
-0.11642154408482859
-0.1161897831216556
-0.11581915013443483
-0.11534039769927705
-0.11484535125421352
-0.11425047206385572
-0.11390351600458289
-0.11357049595089945
-0.11329065983752858
-0.11291665003329106
-0.11255137229362375
-0.11214129609914049
-0.11175456304388019
-0.11143123191285507
-0.11105160494636249
-0.11063709621837375
-0.11026746680371277
-0.10985208861265067
-0.10953410395888571
-0.10920746305202493
-0.10875545404445877
-0.10842781371321507
-0.10810790374860614
-0.10771839889475031
-0.10746992071765064
-0.1071869074788243
-0.10682799579587317
-0.10646078826887512
-0.10608252548851348
-0.10579641137092181
-0.10537968193216092
-0.10498826893327699
-0.10474121090213706
-0.10448055643382885
-0.10417160538259186
-0.10387240509288234
-0.10350965123957459
-0.10321388025649333
-0.10290062649844568
-0.10254319042611983
-0.10211510761545796
-0.1016610587401354
-0.10128452874558526
-0.10089698662836191
-0.10050944834694915
-0.10013567081318996
-0.09981596017087867
-0.09947580977257464
-0.09912614257900894
-0.09874872034810245
-0.09835344507923215
-0.09806060700185165
-0.09767564426710688
-0.09731472453764826
-0.09705618368636244
-0.09667237681194014
-0.09624092038527937
-0.09576306037443579
-0.09536377547489985
-0.09498667268189874
-0.09450980438067108
-0.09410728547838748
-0.0937998365316299
-0.09353943069611399
-0.09310799519535756
-0.09278411582365302
-0.09243772380013492
-0.09205361873376529
-0.09159342653328972
-0.09105419510109984
-0.09060963156143446
-0.09010641441626148
-0.08963028164052812
-0.08920089354286728
-0.0887912323419197
-0.08838561993568318
-0.08795546514543408
-0.0873876432196797
-0.08695992545260281
-0.08648373327299823
-0.0859260395719746
-0.08532334694974363
-0.08482260900537572
-0.08431345605809053
-0.08376084534729787
-0.08325451370288663
-0.0827874245296914
-0.08244799059823524
-0.08211866499582864
-0.08184918409849945
-0.0814452776227022
-0.08094340708038687
-0.08042344324214107
-0.07993790475145054
-0.07958220457410084
-0.0791316356404675
-0.07876256314464362
-0.07824893626535574
-0.0777428309647281
-0.07721605741095154
-0.07676940278590237
-0.07642750392810357
-0.07601873608161648
-0.07562289441925368
-0.07523776832736515
-0.07493641258354984
-0.07450635784545806
-0.07417042028762079
-0.07376272779806871
-0.07333310025795567
-0.07286938859457733
-0.0724173608866722
-0.07207046653950491
-0.07169122976245938
-0.07134690641088415
-0.07101326900479689
-0.07058797932765051
-0.07017491946298625
-0.0698074485318233
-0.06945410039828172
-0.06901287844788648
-0.06864180456059527
-0.06830595295078286
-0.06795867374803134
-0.06764326586142708
-0.06730426999745089
-0.06695304653327729
-0.06654213146180255
-0.06616938708779707
-0.06559678297570684
-0.06515680920267326
-0.064680455285522
-0.06421219940833922
-0.06381653383352325
-0.0634067213274287
-0.06300515011681819
-0.06254171791480129
-0.062187086099655293
-0.06166691394668315
-0.061183133249424634
-0.0607694493301103
-0.060196893380443456
-0.059598919874094866
-0.05909225748739581
-0.058616855303662674
-0.0581731444142777
-0.05767936113447846
-0.057202440176473725
-0.05686962119109934
-0.05651777325947106
-0.05609425339043075
-0.05573078978278793
-0.05533041025913297
-0.0549124819468144
-0.05449133255181358
-0.05405441311035185
-0.05370476101799459
-0.05330136344992006
-0.05280697949903096
-0.052439992863613186
-0.05209752489593633
-0.05168998523030907
-0.05132576273644921
-0.050893854305822515
-0.050463092620827286
-0.05003500455900274
-0.04961771579408767
-0.04926779418029472
-0.048715345766054394
-0.04807707384458231
-0.04759397095994086
-0.047185293615402246
-0.04672309096933752
-0.0461884073544701
-0.0456895215504625
-0.045201863444595765
-0.04478496713719441
-0.04447032127432525
-0.043946689652019075
-0.04347385855460551
-0.042960081005002385
-0.04258634233220079
-0.042077718230973664
-0.041566943099689925
-0.04114103673471065
-0.04070564104077602
-0.04039252647735691
-0.04003988389815022
-0.03961574875914577
-0.039172283357626486
-0.03871315862581663
-0.03820637172720737
-0.03772784639501633
-0.037270475818875506
-0.03676846548125486
-0.03625273655062419
-0.035681961538393904
-0.03525687104944948
-0.03478526350303393
-0.034375675910833715
-0.03400077420188873
-0.033684913168652755
-0.03331211311455916
-0.032871638438151975
-0.032444073054020584
-0.031997268014790387
-0.031502225494596824
-0.030971704691579872
-0.030422945991631003
-0.029954502895180535
-0.029301593738432545
-0.028694862992858516
-0.028302401735770862
-0.027878332406657557
-0.027433097937830334
-0.027014863769394003
-0.026316816258565297
-0.025662990280446402
-0.02507293237215513
-0.024437299031031777
-0.023904666176115596
-0.023366582354666324
-0.022901138970359853
-0.022568857179817516
-0.022112928764931778
-0.02161666790849684
-0.021267733911032607
-0.020903047278566775
-0.02046236145589015
-0.020111801523172056
-0.019551343677112358
-0.019031623075246556
-0.01854355265026995
-0.0180127193507133
-0.017486491280328267
-0.017016080292145838
-0.016499138695589638
-0.016053221859538714
-0.01566425069362373
-0.015184206233494868
-0.01478651745849366
-0.014310435557052387
-0.013760901853180572
-0.013279807142194044
-0.012845006382865263
-0.01232631430247283
-0.01178597061202185
-0.011191246360997853
-0.01083159080021748
-0.010353394901157111
-0.009804994825631238
-0.009443272767290163
-0.008846871890585153
-0.008179815030145374
-0.007674779737129719
-0.007292001764015227
-0.006833310559899956
-0.0065162108360946516
-0.006194842722634275
-0.005936643201508214
-0.005461381246633992
-0.004759372788052469
-0.004045698382214639
-0.003454009124573004
-0.002987716033790872
-0.002579261249699336
-0.002124471854392504
-0.001719867592737563
-0.0013160747180555126
-0.000822893392074854
-0.000305940229043098
0.00022284685744976585
0.0006993351997829619
0.0011599905333195017
0.00161419452035413
0.0022555603548707497
0.002860356811483789
0.0033358607900169143
0.003925557854080608
0.004440840311806858
0.00485814428102677
0.0053570628539382804
0.005859169759995804
0.006358435952473215
0.006898443021199276
0.007354176452782812
0.007763090664157796
0.008216711858167145
0.00863298722154373
0.009079916736741205
0.009562771714391741
0.010038305380566413
0.01046578283721188
0.010867606343906162
0.011276958639123268
0.011682633639870332
0.012272475133875796
0.012793573033541361
0.013293261324940124
0.013758092225146026
0.014167142277543706
0.014560507604537027
0.014922242219493585
0.015472029762837878
0.016053760535563108
0.01653285828793322
0.017111527752135126
0.017589364406944478
0.018187761378849095
0.01864675792408766
0.01923190391566555
0.019851794245723052
0.020420844454106697
0.021033007522283008
0.021582480448939276
0.02218050757429099
0.02268126623669411
0.023052374940524045
0.02342849309644981
0.023793884792142523
0.024208540761808266
0.024670505394584742
0.02514957090726392
0.025526680219330904
0.0260405167613106
0.02657938450572764
0.027099926513373833
0.027582261631961806
0.028047257035640896
0.028467548004037422
0.028952804790420818
0.029375599084421635
0.029789301718030153
0.030301864334851072
0.03078972096075064
0.031362110927607545
0.03197365046478603
0.03250665104246843
0.03299466854859202
0.03356270136299306
0.03419052073146025
0.03480823271134655
0.03533888059040921
0.036118629072250545
0.036723313945277364
0.037180841535443175
0.03761527962689787
0.038037858906264675
0.03840791187963717
0.0388974070298729
0.03952862620405382
0.040115532877096724
0.04078684400638951
0.0413060494214234
0.04178520890085155
0.04233175994241266
0.04279863654822575
0.04329918871287673
0.04373389543627003
0.044189647793037884
0.044780667416628846
0.04532068140171248
0.04584210470689548
0.04630566621719937
0.04672471812927331
0.04725143606308273
0.047726932594928766
0.04825794585117063
0.04866212228121426
0.04911423557782106
0.04954594161300129
0.04994177658169604
0.050522419078339875
0.05112054406034255
0.05162476017741255
0.052126384031163715
0.052577221065609116
0.05300566197926702
0.05338623001370209
0.05375463998607626
0.054213940972826245
0.054739482830442006
0.05543750161512656
0.056048114585745136
0.05668217376733977
0.057166662147521
0.05773904835245778
0.058334952226225194
0.05875510251648438
0.05929709833977655
0.05976495517226564
0.06041986184163522
0.0609958289523806
0.061562416140892195
0.06204914637263754
0.06246857977402536
0.06296958368563534
0.0635843664174235
0.06421758305741168
0.06484647353717318
0.06552250130029331
0.06602686321758201
0.0665283852256725
0.06717066039086193
0.06768436447441084
0.06836134784741595
0.06888907167650613
0.06943841394499475
0.07004988823328154
0.07070673464431898
0.07138306964785328
0.07187541919654308
0.07222385209294971
0.07256967797711311
0.07298525015228315
0.07351681405299562
0.07403035162391809
0.07445949995854073
0.07511204469927724
0.07556918290941221
0.07616735114187527
0.07676991337346391
0.07733612142590021
0.07783546529940932
0.07826531063169193
0.07879191958305541
0.0795086156783038
0.08022962477350191
0.08084808540665475
0.08139297476375329
0.08187181301308306
0.08249054736776164
0.08312142351573922
0.08367677760505171
0.08412866713223875
0.0846693591974389
0.08522633699086585
0.08589386103555086
0.08644395113378023
0.08698560575281182
0.08752430513449551
0.08806580270574099
0.08889378113555955
0.08970798230163124
0.09048675870808182
0.09105024652647128
0.09164861901907763
0.09218399776731895
0.09261927931930247
0.09318753408349802
0.09408944674288956
0.09492574469955334
0.09566562819352531
0.09630228831524758
0.09686348915712054
0.09754695217341366
0.09817303363257153
0.09869644826611179
0.09941994164744185
0.09990759490037758
0.10050186700688851
0.10116178957334135
0.10191969207979326
0.10255064482296262
0.10303224913083406
0.10375726776770493
0.10434061578976553
0.10494528544157036
0.10549361132638718
0.10604908898447571
0.10674476951774439
0.10750653762930916
0.10800439204773643
0.10849304985227856
0.10915996460488468
0.10986560440986272
0.11036745340176161
0.11089856796665196
0.11139486275773532
0.11201954632981613
0.11242876867127775
0.11302308451227434
0.11358513696481412
0.11402213878659219
0.11456035535864023
0.1152112642826996
0.1157212408183275
0.1162073096679864
0.11663015280016845
0.11706898118324194
0.1175055210688887
0.1179751793445428
0.11857058679990837
0.11910756151933344
0.11977941853124359
0.12028337514499099
0.12097489672733057
0.12144945504701612
0.12199150923626433
0.12253721208743168
0.12304793389321127
0.12357823904912951
0.12413439770076513
0.12446941453196021
0.124902425369408
0.12553300085532637
0.12602196297439197
0.1264754521178188
0.12701498390038654
0.12777896023389407
0.1284026144815031
0.12885572226347766
0.12954827164889568
0.13033125872612808
0.13088873856812566
0.13138196285482145
0.13184137594283024
0.1324384198131274
0.13300975974636103
0.13367443581621158
0.13428796363449158
0.13495215363888513
0.13553019361814078
0.1361473264691829
0.1367352459183984
0.13736450643295392
0.1380581873279484
0.1387342181932342
0.13922102865633754
0.13968449697586238
0.14028883575733306
0.1408060147276343
0.14145556354833455
0.14209915650824168
0.1426486247178397
0.14316972815433493
0.1437493314111552
0.1442747423123413
0.1448321912329079
0.14545533344930872
0.14601375889075607
0.14662058979128229
0.14713430136265745
0.14772212810340793
0.14816051699561858
0.14858500448072062
0.1490058986550428
0.14971456345792353
0.15049738873507343
0.1511654322055259
0.15180030411201015
0.15229293048039283
0.152814996933137
0.15336438187016288
0.1540100324011295
0.15468475845907617
0.15523571676581774
0.15588410617076623
0.15673234985146117
0.15749095010079808
0.15827390912006623
0.15897061036087473
0.15952965717229742
0.16003280955644952
0.16061986255891736
0.16119357674427887
0.1617158194849569
0.16233814699718263
0.16296034284228633
0.16352809571251847
0.16413062670977935
0.16486506829100606
0.16539529578595974
0.16584891171439403
0.16650688278768927
0.16717817101554014
0.1679244623231632
0.16846161910815297
0.1690188769298139
0.1697223476947273
0.17054555771853513
0.17125701345855343
0.1719121515772085
0.17265581796414123
0.17330299942542024
0.173858908144636
0.1745571286212931
0.1752079979958058
0.17577650994181002
0.17632451475452637
0.17699745424591937
0.17772141252927293
0.17841059334236378
0.17913646658294774
0.17968838552710178
0.18018580984990484
0.18080578201716374
0.1816415933023977
0.18237162841665086
0.1830170845412061
0.18361583336559378
0.18419083088180438
0.18475408575794855
0.18553421822680502
0.1862730971824542
0.1869436404958194
0.18766030720391053
0.1883488033603315
0.18902706579332826
0.18971567655463736
0.19040897979429428
0.19106299195938203
0.19185565545215202
0.19259850204804171
0.19316882910092367
0.19373148083637903
0.19438377343016108
0.19506394694835344
0.19599389639388967
0.19688223358202683
0.19768511136681907
0.19831363371060995
0.1989446073511365
0.19955344327578506
0.2001704111995901
0.20084508515123184
0.2014633842489236
0.20197922290557907
0.20260745392201446
0.20328024217005333
0.20401129762271766
0.2046490612519856
0.20543319698960036
0.2059610971002037
0.20662584061178715
0.2073122657994683
0.20811750323381703
0.2088100441626399
0.20934426610966494
0.20988710985925188
0.21059694693179248
0.2111574067260129
0.21166459259021886
0.2123525295790836
0.21303202651742123
0.21368172146141196
0.21440700901435641
0.2152084938762994
0.21598677947634767
0.2167141072042864
0.21744069268007077
0.2181339790566569
0.21878608582533332
0.21945786015112984
0.2203273743984391
0.22105928744457773
0.2217206471982904
0.22235041125301608
0.22293372617719018
0.22343040760437882
0.22403754302121814
0.22476159390673056
0.22546621974988715
0.22630768328501025
0.2269912738246033
0.22763773808006083
0.228228120436857
0.22877543160430405
0.2293581294407307
0.23005622243431093
0.23085397512556238
0.23155841285113118
0.2321540296015126
0.23279665366958208
0.23337451470903373
0.2341191631871488
0.23477665326730202
0.23539134700861206
0.23599092407082561
0.2365645505074562
0.23733023633310865
0.2380317157697343
0.23878583598577052
0.23952844422449063
0.24013890638336435
0.24070489286688201
0.24119179779770197
0.24184361582959238
0.24257902452933922
0.24347139003886561
0.24427612601136448
0.2447861231098824
0.2455077255587523
0.24624754868545579
0.2468916583845556
0.2476686650117582
0.2484039965689993
0.2490251289969298
0.24963838751556106
0.25016636221362976
0.2507339774737077
0.2512547947322466
0.25189799919628664
0.2526403689568193
0.2534462374771027
0.25433416637242556
0.25502423977001865
0.2558926826648513
0.2565103965065458
0.2571309492141531
0.25789985494115
0.2587236363742499
0.25945152140050254
0.26013023436513816
0.26075485373800317
0.2616562540595481
0.26249755418538406
0.2631840640877558
0.2639245129189625
0.2647043662100586
0.26530140306458194
0.2660406599343091
0.2668698320763259
0.26780467901923266
0.26853794392927605
0.26927522303865575
0.2697158279967493
0.27045155846659663
0.27106857940304524
0.2718342901897067
0.27263056202607605
0.2733470955115895
0.27407513039182313
0.2748237888302768
0.2757452748015587
0.2766101040722618
0.27753641526931955
0.2783891148139412
0.27915266528721017
0.27984613141624426
0.28061651351801153
0.28147661847428507
0.2822647879157321
0.2830334409564611
0.2838022247432776
0.28448122886991084
0.28497338493498897
0.2855705208626643
0.28619536672102397
0.28688911300914993
0.2875725212453048
0.28844913742638073
0.28915248921768827
0.28984840183901256
0.2906108156232527
0.2915219823478312
0.2923752244414702
0.2935170614809941
0.294652824638821
0.2955231907659245
0.29620904890099764
0.296902087108505
0.29742323616883837
0.2981001744308203
0.2987323139405657
0.2994603880215247
0.3002355637135336
0.3009128083536495
0.30158621416403275
0.3023035116512625
0.3032356464717387
0.30404160121927676
0.3049379319552559
0.30581368005022375
0.30685626280195255
0.307658844508617
0.30838661999288974
0.3091248037325889
0.31001948323832335
0.3111901368647137
0.3121078974239078
0.31281443725168206
0.3136504736696999
0.31426912888528935
0.31513123885143524
0.315948958015978
0.31664360697505817
0.3173439574684267
0.3181358005178225
0.31892042345504273
0.3197965024618191
0.3205138001068885
0.32113251014578376
0.32188047970340355
0.3223501806258453
0.3229282178915473
0.32364348174431296
0.32442173695938936
0.3253503394167175
0.32632247544054266
0.3271119348774951
0.3278945191816267
0.32864033126174663
0.3293385547255331
0.3300551458298439
0.3311211522941946
0.33210850469783965
0.33287163348428445
0.33367144687341316
0.334535838699598
0.33552713756553487
0.3362890355745324
0.33702437524899564
0.3378139853392127
0.3386864949020159
0.3395947859713899
0.34039691518500476
0.34106319179455824
0.3415842552887218
0.3421935154650753
0.3429232808834606
0.34368223579539575
0.3447215709992735
0.3457082499149255
0.3464154334372783
0.3468664759536516
0.34733327981008716
0.34817735527560656
0.34907929247741976
0.3500712878867179
0.3508779853220156
0.35167676398613146
0.3523773020247004
0.3530015667950998
0.35375775307715956
0.3544802306332663
0.3554117607081624
0.3560919951865961
0.3567275292619476
0.35767706683517386
0.3584256197943302
0.35908762089600715
0.35972293638426883
0.36037333738759325
0.36128700154913207
0.3621871182813638
0.36302134370161715
0.36382636393447704
0.3646787649037862
0.365318232139459
0.36596903197101155
0.366755707090594
0.3674825250586039
0.36817728243371706
0.36879943726378556
0.36951579872755613
0.37037973941718966
0.37154550190659574
0.3726700770187617
0.37359192324286117
0.3745278275623645
0.375287158598682
0.376136355696502
0.376723379169282
0.37734384192956466
0.3781936156492218
0.3791397253747554
0.3799094291021673
0.3806520205077368
0.38144146711105686
0.38218543401595956
0.3832964436213317
0.3840000216444514
0.38477581205162525
0.3853605770026862
0.3860937736077749
0.3866714416591607
0.3875271247758773
0.38820990432210706
0.38886995523743784
0.38953368459935395
0.39055705191813017
0.39158233926440805
0.3925128901990305
0.3933245297416979
0.3940381135405975
0.39490410614487226
0.3955490965744904
0.39631815165496603
0.39710876010929386
0.39804360588106963
0.39884763675696483
0.3995115778076195
0.4005307175827711
0.40144584800468924
0.402323754504463
0.40321403943397005
0.40416942354117763
0.4049649474105146
0.40575554552348403
0.4065694196617414
0.40757726409979583
0.4083573686056623
0.40920268302365703
0.41013347729067984
0.41098325335341773
0.4119114750913872
0.4128074374443096
0.41379269526155515
0.41447976512439433
0.41526516163071225
0.41591496441934295
0.41669204160104345
0.41760174285668306
0.4183975279727023
0.4192290321966433
0.42028358707351865
0.4211665761505955
0.4219604766857396
0.42291293138106123
0.42373384540878006
0.4247706870776397
0.4256399161025087
0.42665427597777916
0.4275494341725478
0.4284406990595319
0.4293059508566065
0.4302217969273613
0.43120246964865844
0.43215661807109584
0.432905931863292
0.43369404340076656
0.4345053004832445
0.4352374384261453
0.4360575215927309
0.43697931275112717
0.4378070812577577
0.43860675967473695
0.4395153644248688
0.44053685410855487
0.44140103282689813
0.44235664597979074
0.44338911183129553
0.4443598300729206
0.44543388000684686
0.44644319004133826
0.4475330067772967
0.44831921179098694
0.4489546893641877
0.4495453077843997
0.4503716999465719
0.45150692810296716
0.4526910936261304
0.4537668374437042
0.45464118184556646
0.45552178758604794
0.4563717343194169
0.45743255421693296
0.4583805134182146
0.4595758556616433
0.4608921366689248
0.4620132308062663
0.4629939322111089
0.46417061604117754
0.4651160906493381
0.46617470238198927
0.46689223686536696
0.4676441975445021
0.4684570833956269
0.46941840369479054
0.4702511114371859
0.4714355803358185
0.47260188713748796
0.4736631811188461
0.47459283837489363
0.47561576741764533
0.47660390029799915
0.47730342511882773
0.4779740837977569
0.47882764849430776
0.47971885434446365
0.48063721118661007
0.48128490540568136
0.4821286394917704
0.4830711317049773
0.4838624125634418
0.4847253169001473
0.4856003412846518
0.4864728184575918
0.48724999243608574
0.4880295506719428
0.48891420185301326
0.48982784884922487
0.49067419425752495
0.4915094027825434
0.4924253823697102
0.4931535573512955
0.49393490446595545
0.4947929832011746
0.4958149850644759
0.49686650002136473
0.4979287075611598
0.49881503512633873
0.4996230691383583
0.5003812549033343
0.5012223462790963
0.5020474051485474
0.5028008401902266
0.5038104154239645
0.5047530720955997
0.5055415178832662
0.5065355870307696
0.5072942717321332
0.5083467215786424
0.5096685061304259
0.5106900963453082
0.5115085909347116
0.5123586026238444
0.5134089229762855
0.5147428478117899
0.5159632691918415
0.5166144522646754
0.5172274527508377
0.5178067046279944
0.5184261590087396
0.5195019421755173
0.5204815896284092
0.5214049800528795
0.5222035490267456
0.5228828338837986
0.523662693982866
0.524233486431772
0.5251582502155392
0.526085128911672
0.5271466397192345
0.5282315878157143
0.5289636752488143
0.5298861025097361
0.530833794612078
0.5318760056761797
0.5328626639785738
0.5339159579244688
0.5350257664962147
0.5360771413499656
0.5370441582323353
0.537976120092341
0.5390168539167722
0.5399210163459265
0.5406754945477622
0.5414628301171187
0.5424663497996103
0.5435857115460148
0.5446105509166157
0.5457697571000166
0.5466862054213336
0.5474599333147074
0.5483104777109816
0.5491658967738947
0.5501135427628945
0.5510289847498695
0.5522277348568755
0.5529823849412101
0.553863020198741
0.5547620281995088
0.5558008480987572
0.5569263706491615
0.5577195403909151
0.5587038045155878
0.5599253928289486
0.5610905307339313
0.5621494904145569
0.5631848321899188
0.5639723284322875
0.564693616756985
0.5655829263781275
0.566543961012774
0.5671967826373934
0.5679121464303325
0.5685404539131299
0.5695753824223994
0.57054603807725
0.5718749476059339
0.5730488459462394
0.5737989079424146
0.5743872255250367
0.5751611082456823
0.5763826059963062
0.5774652360849531
0.5783260662354193
0.5792368108312221
0.5802608909119195
0.5812701804528181
0.5821449577244235
0.5832428064068714
0.5843956951923487
0.5852978353628404
0.5863109391924654
0.5872970834536724
0.5884803731043627
0.5895329516023559
0.5904328511423196
0.5912841616775065
0.5921490818830386
0.5929316720532423
0.5936579659512068
0.5946956450553826
0.5959558181470443
0.5973062333774113
0.5982441950254493
0.5990930850787481
0.5998177521410523
0.60100569868185
0.6021548798716577
0.6029636847467604
0.6038566022049714
0.6048397393719963
0.6057418277397465
0.6069468676263294
0.6079675653878315
0.6088211131061413
0.6097815815983605
0.6108750205976818
0.6119127083466895
0.6130721988191539
0.6140104214588955
0.6149127759192214
0.6158657527369843
0.6169690314359106
0.6177406971580708
0.6187286787399757
0.6196631303471767
0.6207509880547607
0.6219556638636066
0.62332937806864
0.6241276839382454
0.6249624328008233
0.6262835700869599
0.6275526272856677
0.6285189997975651
0.6294797047830393
0.6308066020583334
0.631923749441493
0.632897963069888
0.6340303738300233
0.6350098621589788
0.6361183202976914
0.6369090289202105
0.6378765191771077
0.6389383811823153
0.6399826767184181
0.6410571299403273
0.642003494034093
0.6427678010985457
0.6439600779426393
0.6451259900603404
0.6460736172675403
0.6472859839787193
0.6485520006495945
0.6494665646433432
0.6503113702330238
0.6511539688411464
0.6519208593727047
0.6529532385603722
0.6541396728612972
0.6550917746397033
0.656559733119865
0.6576722139164298
0.6584614734504749
0.6592772099876313
0.6601895752216238
0.6614048380509622
0.6623664810251082
0.6633879865299652
0.6643475841745646
0.6650422149636722
0.6659311400559769
0.6667939789330164
0.6676891308248081
0.6688899364413821
0.6700463558126984
0.670906661632422
0.6717639618227226
0.6723857490909805
0.6731342888092122
0.6741937277192301
0.6753560821935529
0.6763593478879008
0.6774134434226949
0.6785205166330648
0.679708515095594
0.6806774677143296
0.6816100627424737
0.6826166080468339
0.6836342848783223
0.6846733711709424
0.6858496662374153
0.6870581683236082
0.6883740997128641
0.689631326649904
0.6905258525061705
0.6915435564660217
0.692343706835323
0.6931684639874715
0.6942212693354306
0.6951949319768124
0.6963356801093734
0.6975320110153338
0.698896627787072
0.7003174497052644
0.7015759363219559
0.7026097524697026
0.7035291952328397
0.7043423540365912
0.705440605818105
0.7067117697111529
0.7079880328054468
0.7090346064443618
0.7102957438934674
0.7114678910806602
0.712790068484579
0.7139902416796963
0.7154048661737198
0.7165656539129641
0.7176391517483462
0.7188689343332593
0.7200918892063604
0.7209752486067057
0.7220798644155824
0.7238742886742421
0.7253726002806187
0.7268060120060312
0.7279172573822714
0.7289349649085058
0.7298616041284643
0.7307037743381406
0.7316195900564965
0.7327969866130399
0.7344376492567862
0.7354668112917004
0.736442588300578
0.7375471645695622
0.7388509372504336
0.7402791958514309
0.7416902100237215
0.7433458404775493
0.7445585580151636
0.746109818126095
0.7470597799276426
0.7481994446124142
0.7495027895688249
0.7507825538603006
0.7521303142851853
0.7532216091532475
0.7544292493154203
0.7555201674977835
0.7564335461166536
0.7576246181882946
0.7584457331932758
0.7594350176413928
0.7605344593628227
0.7615766622070795
0.7626352263442153
0.7636564434661173
0.7646582938617222
0.7653724309139315
0.7664349620154552
0.7676264924822696
0.7689409514047892
0.770172872391642
0.7714883234442291
0.7729573540897302
0.7744421467026089
0.7758367410711648
0.7769614599762031
0.7782384111889561
0.7791004393540191
0.7799902994375555
0.780959761846726
0.7819531282589594
0.7827285003100377
0.7838357494884408
0.7848955751357206
0.7860423047914853
0.7869546157188032
0.7881203856902969
0.7889047971955763
0.7899450406620326
0.7910657014356223
0.7920487172427623
0.7934635528337428
0.794736086947936
0.7960490920064719
0.7973704511237704
0.7988706623590043
0.8000971139249863
0.8012108271367648
0.8026201806086245
0.8038671523363705
0.8049873531994437
0.806201336010692
0.8075969101099699
0.8087403395315836
0.8095432656234893
0.8106935906758398
0.8116992311676268
0.8127323954812765
0.8140763157544438
0.8152743295143947
0.8168543842437944
0.8183896952512189
0.8196621848165434
0.8207266398959486
0.8219038055490476
0.8233197263448414
0.8245489709063282
0.8257665048061641
0.8268226550658921
0.8280936647260746
0.8294850970385889
0.830842586867852
0.832167505816748
0.8333673045652955
0.8346411650292125
0.8357268618188969
0.8366959982837936
0.8376976508579561
0.8392710449148044
0.8407128528499882
0.8419865933411329
0.8430876794529226
0.8442589576078009
0.8453054309598703
0.8467285468162199
0.8479721658718472
0.8491877804036395
0.8503915420276801
0.8515056387559509
0.852707750763641
0.8540730855340285
0.8554163524783102
0.8565844404002242
0.8576692567934244
0.8587076760139298
0.8595503445704064
0.8608194768328971
0.861940049414381
0.8634507209190891
0.8647859944161387
0.86572909569768
0.8670731412795113
0.8681904736238707
0.8698105867683746
0.8705406571488444
0.8718638727384318
0.8731657980989239
0.8745811590773148
0.8761141411488299
0.8776992093258991
0.8788148240072573
0.8799399236103597
0.8814122792234405
0.8826559777689323
0.8836965117318871
0.8847480820809662
0.8858797308940763
0.8869627561640023
0.8882110508031761
0.8893426542485122
0.8911594916371658
0.892217115882152
0.8934282558722448
0.894756739504365
0.896085239512539
0.8974809841005144
0.8990055542020011
0.9002891655659067
0.9014953668751492
0.9023806010220321
0.9034812234321264
0.904661260138764
0.905704109803196
0.906959613289923
0.9083645960431527
0.9098073507306249
0.9107511806955052
0.9120188817281328
0.9133256426334024
0.9139656099959342
0.914957601260825
0.916124604146586
0.9173894204258435
0.9187124983547247
0.9197560950992433
0.9214202654924427
0.9226851482838461
0.9245608986138149
0.9262876248000171
0.9276749693717616
0.9288980259251941
0.9299909671940718
0.9310915727643695
0.9322938771153264
0.9337136238828355
0.9350438657621798
0.9363853496603094
0.9375783440236773
0.9385637396937537
0.9395731037662269
0.9404805559767244
0.9413216179187273
0.9424235058935855
0.9435410420886948
0.9448101628368204
0.9460664949836163
0.9476774368926854
0.9489135152121175
0.9499930020789525
0.9508337271064426
0.9517213760061723
0.9527277771877947
0.9534820978170541
0.9543892563282916
0.9560015394390073
0.9579024074370499
0.959884136868522
0.9611745349618983
0.9621298809328223
0.9633252690843982
0.964643074307032
0.9657321700028244
0.9669440577117147
0.9683005714790066
0.9695660277964888
0.9711013623598543
0.9725584058916615
0.9742699271495147
0.976056236040096
0.977195752988207
0.978286685196354
0.9792575037672868
0.9807180474334418
0.9825933386878665
0.9841689668653959
0.9854233401662738
0.9866448100960966
0.9880783403642516
0.9895247344092163
0.9906245746520776
0.9919435554610918
0.9935237948516588
0.9948647621129291
0.9961229065041172
0.9975250301556688
0.9991158041020255
1.0006130976656882
1.002147136470984
1.003285415559087
1.0041254767661278
1.0053533390415803
1.006359561027533
1.0073386855281943
1.008143950764391
1.0090678777934103
1.0100341023741555
1.0114746131654737
1.012893020096799
1.0143332545366388
1.0155353993045133
1.0167940600008323
1.018117394083538
1.0195393864909317
1.0209036131088562
1.0219968477221115
1.023095270621566
1.0241480090677924
1.02524736403139
1.0271537238426214
1.0287728397228655
1.0304312021403148
1.0319731012237419
1.0335139170050909
1.0354471641447132
1.0367754639074505
1.0379832480339586
1.039622868403517
1.0406751034446562
1.04252685378694
1.0441097292773045
1.0454754671328872
1.0472059294480975
1.0487390292242997
1.0500867739638475
1.0516258865166004
1.0531395468504279
1.0546845425086215
1.0558615011375676
1.0571360884799665
1.0585686762851125
1.0596193879402926
1.0607503960087963
1.062014849745241
1.0635021318921534
1.065059065067718
1.0666170529553662
1.067820383321806
1.0691239929459004
1.0705070061446453
1.0721875373807435
1.0739523992357534
1.075537080645942
1.076676920000438
1.0785438419940931
1.0801055014491874
1.081689313866068
1.0832540535665862
1.0843177212740858
1.0855402554196958
1.0866603337880263
1.0885023631685986
1.0899911705559495
1.0912523273015295
1.0921007929775535
1.0933138821067936
1.094445726984274
1.0962339317573486
1.0980055875233221
1.0991825098666694
1.10041322066928
1.1019705078165583
1.1036698928670845
1.1050367775537229
1.1068857357432316
1.108360029535696
1.1094048302148234
1.1108181998802302
1.1122760370967315
1.113675318404265
1.114457307963174
1.1160643493053068
1.1174923296169859
1.1189804132076553
1.1201243631893119
1.1216649703410833
1.1228864501728952
1.1244750663345244
1.126053968934806
1.1270826233413003
1.1282995017040387
1.1300835611800433
1.1320360902751148
1.1335826239696984
1.1359169778534621
1.1374957841011233
1.1390069516654715
1.1400856398122519
1.14083274843904
1.1423203448722974
1.1434574568294895
1.144666444974413
1.1460459707612207
1.1482006961161872
1.149737106176462
1.1507505687686752
1.1519342859335853
1.1528441790691262
1.1542534046848365
1.1554816750989674
1.1567434377941983
1.1581958930394696
1.1597114515720437
1.1612835088848392
1.1627901207047837
1.1644117830374368
1.1660542201279165
1.1674719322193543
1.1692243739920436
1.1709201326124017
1.1720955839282075
1.173794167088704
1.1755125329698675
1.1771160536825112
1.1785135671107319
1.1797957053564034
1.18123946480951
1.1826533004495516
1.1842303079998415
1.1856775195096072
1.187852096625249
1.1894311160391107
1.1911992863981669
1.1923915004505445
1.1940366703372387
1.1957044859311459
1.197029826882303
1.198753794847016
1.2003245923952883
1.2015599400023047
1.2032210708839663
1.204999066751266
1.2061595630278532
1.207508924258489
1.2092289763687054
1.2107221007402578
1.2121941918666226
1.2134105430537356
1.214842901828173
1.2163451667820386
1.217743693715204
1.2191521997030157
1.2209501113831482
1.2223701374848848
1.223635330409131
1.2249752507553788
1.2262315296643176
1.2275429423224682
1.228926789990538
1.2300708958254172
1.2309652821741415
1.2319607297132198
1.2334695671960474
1.2349354003117332
1.2367332728391554
1.238078242321304
1.2400793318334709
1.242061874585544
1.2436064433562495
1.244960870393045
1.2465095059361053
1.2476406190724605
1.2498625925300715
1.2519993111956516
1.2535561369809347
1.2552820440051657
1.25747346205721
1.2596748460230656
1.2612452676851964
1.26242546000565
1.2641132175024778
1.265858314517551
1.2677045073333584
1.2690876900358483
1.2705239395497407
1.2720350379575358
1.2733843701913854
1.2748921302610563
1.277157458041208
1.2788338021459447
1.2805896668791639
1.2814963246321438
1.2830831930046325
1.284302074243387
1.2856325688736048
1.2872910195163734
1.2891834660730452
1.2902385853831446
1.2914082140398688
1.2927225299729437
1.2938333783695632
1.2953323070062839
1.2966269585403178
1.2983486167717646
1.2999262661427406
1.3019098517487095
1.3047163541899656
1.306464243417431
1.3082574658958337
1.3095725350034026
1.31077787030177
1.3119636974486235
1.3141918976557547
1.3161871631962405
1.3180896153357562
1.319594465628372
1.321054792078776
1.3228179180648447
1.324425979290999
1.3255144895631652
1.326493789312716
1.3281223576631322
1.329608675187337
1.331681988254343
1.3340635905754321
1.3363389399601135
1.3377751477324826
1.339089296632094
1.3403551849463748
1.341788530734122
1.3436375787828543
1.3448567739814945
1.3465337745700812
1.3481550175821413
1.3504297908240457
1.3523941369157793
1.353584708614346
1.3553303346003331
1.3566997578075493
1.358567449175533
1.3597080847553085
1.361358590738124
1.3628077037657853
1.3639634899959567
1.364746554131632
1.366073594532682
1.3675199774824573
1.3687147676864908
1.3701375432407943
1.3714011905608776
1.37258666317104
1.3738104993796407
1.3750422392444024
1.3768969011666667
1.3778357202450089
1.3798159833630748
1.3818061411867308
1.3841055420273023
1.3854922168323962
1.3867953008793452
1.38788929995492
1.3892218060555208
1.391382649065183
1.3936564050637419
1.3953415491923586
1.3970776746210132
1.3984378456217506
1.4001258711125337
1.4016069890947696
1.4035666329765648
1.4058854899943343
1.4083382443786028
1.4105489993914802
1.4123603467308312
1.4142817577321545
1.4156811437552228
1.4173924242200044
1.4187771967444371
1.4200257157294427
1.421776781666926
1.4240914368780953
1.4258308307008851
1.4271383976441103
1.4287156691497194
1.4307191255777378
1.4324104683414072
1.4338857894204429
1.4353563015611481
1.4377219898279274
1.4403938259971938
1.4428617849265202
1.4446055451499944
1.4462828229798395
1.4480073905365936
1.449869961695115
1.4511649165849265
1.452769173033273
1.4544429157088175
1.4554981657533013
1.4570091809886454
1.4585577406485715
1.4606816547653145
1.462516047551003
1.463675544391057
1.465250429694322
1.4668547210863188
1.4682283569259398
1.469619550299754
1.471168800150377
1.4726032313484172
1.474052159650338
1.4755233009789175
1.4776965730484892
1.4792863728186474
1.4813334963240006
1.4831841991080181
1.4851711241561745
1.4868342396616911
1.4885873942965089
1.4901182731430598
1.4912037771552311
1.4930893501736542
1.4948473506289237
1.4962907642237686
1.4977861662154905
1.4997434279694908
1.5018577527696544
1.5033400234993202
1.5047860052787825
1.506622471766455
1.5088301224738927
1.5099716806270103
1.5122175501013442
1.5134752739066595
1.5144775765709009
1.5158318920925313
1.5177351453969374
1.5192688689933511
1.5210839225545414
1.5236428991793851
1.5262771401740391
1.529498241734676
1.5313390465277346
1.5329574758689979
1.5345226672792376
1.5361886538486529
1.5381076681725796
1.5402857321239316
1.5424398638300139
1.544688408330068
1.5473528190472772
1.5497024377526565
1.5518447495902437
1.5533311741657143
1.5551464946619085
1.5565555555915795
1.5579340316336243
1.5597721690994046
1.5620251443001048
1.5637501795255238
1.5657690120193513
1.56779688553175
1.5694084331798612
1.5709937440143202
1.5727339923602797
1.5741566316210427
1.5771297414030534
1.5793280356280925
1.5819364403493794
1.5840849440288636
1.5867423308975426
1.589444494187704
1.5919149211633998
1.594645225623354
1.5963844360942203
1.5979360770294098
1.5992568266978038
1.6015837175415573
1.603448536184322
1.6056230571235321
1.6076716640700297
1.6095029724355503
1.6116164479559176
1.6129163873507426
1.6153213654894722
1.6172497537142636
1.6199729205183726
1.6218366907422026
1.6236066361641173
1.6252093596345765
1.6270400532773523
1.629121519462536
1.6310106305127094
1.632477044922909
1.6338283047445996
1.6359060458170835
1.6388570941464855
1.6402993576867504
1.6421185772916744
1.6438954660526748
1.645408272979542
1.647043027883159
1.6491621740776885
1.6508625145087361
1.652383841510266
1.654445183658088
1.6557427579215727
1.6575141431574454
1.6594580402548975
1.661297204554311
1.663226372383579
1.6651547091139856
1.6672731132089575
1.6690284178379844
1.6707525863066335
1.6736244452485451
1.675338410102864
1.6766811525085952
1.6781727410510585
1.6799236697075342
1.6818121435166196
1.6845878394248783
1.6877055561064618
1.6902429888023371
1.6929277237342992
1.6948257538424703
1.6978654556152197
1.6992661274652476
1.7015848994039258
1.703121618429766
1.7045019784430213
1.7065711127402206
1.7098126455492317
1.7116063648189892
1.714231832646624
1.7165783399058627
1.7187763028140375
1.7204262197241333
1.7228257971602905
1.7258292414554322
1.7270751159048026
1.729709657562771
1.7316911256401462
1.7340030758903946
1.7361686178816313
1.738175629858503
1.7402712111301573
1.7424487805702895
1.7455478873974324
1.7476514966469032
1.749593637338329
1.7513782699303775
1.7536112811920197
1.7553716880981558
1.7571365249144555
1.7595220769427269
1.7619442195047677
1.7642028349037873
1.7665929953552246
1.7682891222323027
1.7708502632340344
1.7745851536808068
1.7765736306749478
1.7785365511555105
1.7805211160457324
1.7830877034490502
1.78641171430869
1.7887691550861153
1.7913671307931365
1.7940775847221482
1.7971331276258764
1.79961665215889
1.8023237060934563
1.8049545145805825
1.8068721472381553
1.8099865963047326
1.8138563425947225
1.8175326105424103
1.8204010654176335
1.8239618503122037
1.8258700709184454
1.8282324142244943
1.829719483810008
1.8319556923874118
1.8338052302912315
1.8361703583631666
1.8404695571711878
1.841762311760979
1.8440117740347124
1.8461927187346454
1.849252009270002
1.850834958562486
1.8535354252088936
1.8551784879896251
1.8579403613723613
1.85947808457716
1.8614184962753226
1.8634164971214324
1.8652866571019597
1.8670606538113623
1.8690126178769328
1.870948122749942
1.8729786837794085
1.875854592271644
1.8802540020589755
1.883430283375646
1.8852857410467319
1.8875728206946683
1.8888387897995242
1.8904761328017552
1.8933487466999501
1.8952590984997735
1.8967125724050624
1.8982472613417294
1.9001589221555557
1.9028050081714625
1.9052028093492341
1.907556569892441
1.910016134550082
1.9122680726574823
1.915468210410446
1.917901703267825
1.9206462126937265
1.9236983781197796
1.9257261128547636
1.9284920552134464
1.9302848478739043
1.93155287616978
1.9343388396201406
1.9364901749101926
1.9393018128624098
1.9416409933777363
1.9446758183088875
1.9486683806428287
1.9511989429851566
1.953717969887447
1.956587650638377
1.9606135527399586
1.9631401437492404
1.965153441769696
1.9673010166575782
1.9694425036992362
1.9719644403620271
1.975491036623482
1.9779448556083523
1.9799696784489094
1.981719825429809
1.9845020900304253
1.9871298555717698
1.9898021311720409
1.9921081163176964
1.9958691344533064
1.9981488644963068
2.0002131557535967
2.0019815757076236
2.00513243004259
2.006823854733314
2.0102242293321413
2.0125424863835613
2.0148258881766488
2.016908777905954
2.019399809469211
2.022181457686467
2.0245866238459636
2.0293752228611943
2.0317897705233565
2.0350474316670923
2.037571650656496
2.0407252299271406
2.0436254828343032
2.0458822391351887
2.0481255357077273
2.0496268638288755
2.0514468057650026
2.0543613740877564
2.0563541040955777
2.05848432279814
2.060973024402419
2.0639328492294355
2.06612218284341
2.0680851635486417
2.071925599825008
2.073854899942563
2.076791963152081
2.0796569850653692
2.082493120895074
2.084148124700562
2.0870874325172735
2.090006258300915
2.0929844712145793
2.09450155826202
2.0966640643404215
2.0993836242202772
2.10210832298584
2.104732148744391
2.108256360912713
2.1117244636585744
2.115332502158787
2.117071777358677
2.1196182554578376
2.1229068595229146
2.125496746033736
2.1271634493417935
2.1301498151022784
2.1316477971847965
2.135183921380887
2.137328845531031
2.139991836988741
2.1433236359402574
2.1476777769949553
2.149726886904991
2.152917390278493
2.1563728062571426
2.1589695505484077
2.1615998620630923
2.165022092784647
2.1694100178831266
2.1735279159931253
2.1780147663395715
2.180894714071179
2.184519452631631
2.186430839488907
2.188508128336019
2.1903494007763045
2.19304713128826
2.1961763251894153
2.1998745877762502
2.202974844030171
2.204251226622019
2.2067205336459406
2.209962000987882
2.212515968944962
2.2151777694116492
2.217184326975547
2.221373978947898
2.224331415820771
2.2277089888240202
2.23064386287913
2.234623458332441
2.237120955839953
2.2385480517674137
2.241574741065882
2.2436428414641854
2.2466323891751845
2.2495763097038672
2.2536737283559405
2.2557944752462404
2.2579466606257643
2.259469273402801
2.262660671074144
2.2665485934415956
2.269079811354714
2.272593026115812
2.2751100641442106
2.2774610916924183
2.280536572112414
2.2837786248259024
2.2880697069858575
2.2919005593215958
2.293958845918834
2.297392738501482
2.300202662514897
2.303708002732704
2.3063230526204306
2.309591083838874
2.3157429221679493
2.320218637335039
2.3259886854979137
2.328178579906848
2.3308608298153297
2.3343790886320877
2.3365152024846934
2.339361140942713
2.340821339256869
2.3437030586178564
2.3463933564644206
2.3516760917008757
2.3536177873691804
2.358795353469075
2.361934963379039
2.3644878036573647
2.3657563320607156
2.3677458828122346
2.3705828416099664
2.3722728130227573
2.375228560539517
2.3779844700504835
2.3849685270450633
2.3879432472196247
2.391089639387655
2.3959961621414743
2.4014523712925024
2.4042686804296656
2.4081937718196116
2.4125854817131867
2.4160253841490946
2.4187273666811584
2.426454129472618
2.430284976099481
2.4334629123405054
2.440019790900474
2.4439638613800487
2.4487118799652787
2.4520472274708522
2.455918577070092
2.461104143857425
2.4692973416230357
2.4736639347858236
2.4773721987772785
2.4838573468714533
2.4867337810494967
2.493453412267907
2.4988548949025082
2.5024298214174325
2.506784928197412
2.51086782923065
2.513271975559425
2.516724855951492
2.5182909960809736
2.520814182781298
2.527728922646825
2.531486298354937
2.537605399460058
2.5403081033400854
2.5423845755842946
2.5471715128653427
2.552707174507865
2.5564687629744025
2.5621751940208877
2.564529489066659
2.567023006066295
2.569553273876518
2.5732621998171723
2.5753338419088894
2.585281012667997
2.594604199979908
2.599081700590746
2.602560364712834
2.60674938675124
2.6095464428499278
2.615306955999732
2.618273022102118
2.6227487104209684
2.6257171530492585
2.6310715672426648
2.6351110660279664
2.644083946302877
2.652374428584414
2.6576324623737837
2.6707565642400777
2.6746488564778734
2.679083659922181
2.685024658803445
2.6874017608353262
2.6944705476137405
2.700523108987399
2.7068353920996877
2.7137731765339344
2.7176837313817654
2.7217598028408436
2.726650886510359
2.733467678503354
2.7368573272793424
2.739733053465136
2.7486529518252394
2.7531923947882477
2.756958504100165
2.7604731185984424
2.765618991842486
2.770009112752376
2.7775618742569024
2.780100523282765
2.7838078800979824
2.78728333695419
2.794862302008402
2.7974088963174384
2.8015174841800015
2.8084524914944295
2.8130657681421023
2.8157512099335666
2.820224961364115
2.835669393171782
2.8404910419353446
2.8437701560561885
2.850050700564198
2.8528370159766636
2.865165720233223
2.873067267723791
2.8756796454721814
2.8788621886273122
2.883238619255212
2.8866440100266457
2.896675127255664
2.9018224298295245
2.9056256833123957
2.9154957442512885
2.918432039587438
2.921155510710781
2.933390726286119
2.9386181128515885
2.9439964911263985
2.9512265094709713
2.957792293284354
2.9623054909854454
2.966385792965138
2.9746849076890247
2.9793709771140904
2.9853139485976232
2.9908150830016824
2.9989246592881993
3.0036697822785414
3.0064164813741727
3.008431774282484
3.0134336167255262
3.023089518671706
3.031255349067697
3.035314681800739
3.0460030615000537
3.048963439753678
3.0518067417331602
3.0629866881068954
3.0755829366043836
3.090876859682628
3.1370324336514015
3.16118111404454
3.16457939723276
3.1684575015591956
3.1927727408116664
3.205584249075708
3.2130980928176425
3.2273804692360337
3.251364568540164
3.255143517685067
3.265644942911186
3.2928696235329844
3.333131447513354
3.3400092758274904
3.3642005216826623
3.3891530921271915
3.392821659254371
3.416727961188266
3.420539759678035
3.4266604105676373
3.429687541219786
3.459642949562866
3.473829741786763
3.50694541177861
3.5697214586923676
3.6443487557495398
3.668611770046481
3.7522308701202602
3.829258920456854
4.0109541946563665
4.063391287585486
4.169998483282522
