-0.08422170059277652
-0.11789496358687254
-0.14884730182889222
-0.1737198779221741
-0.19537414927874028
-0.21377275485687416
-0.229885028883335
-0.24313906639058325
-0.25386648547874757
-0.26242716049771114
-0.26898507953948414
-0.27369784700261063
-0.2766752946389737
-0.27822605689829694
-0.27832068331850707
-0.2767164242731015
-0.27350791111835
-0.2688134897432469
-0.26257494797277947
-0.25477870700846555
-0.24566512819461855
-0.23498909886531913
-0.22232297960842096
-0.20856394478183807
-0.1917109283159588
-0.17306248034194308
-0.15325627644279477
-0.13146398187369593
-0.10864076038130482
-0.08399321746752286
-0.05728845266611237
-0.027358198639788098
0.005472217957529883
0.03968853392343119
0.07633985401687096
0.11483605818221496
0.15524540937157524
0.19918702744039074
0.24507952728031726
0.29539567244071924
0.35144523178879
0.41120615498351576
0.4737089247427625
0.5408745090454581
0.6134648795055011
0.69100571618595
0.7708395300169019
0.8530504000479187
0.9361851248333038
1.0171761178442473
1.102822447929653
1.1919168657747945
1.2812759514101182
1.3797905548907814
1.4923879504551045
1.6243176232399281
1.7626106117139593
1.915267375260115
2.081798111286087
2.2583091129894632
2.4987243034191904
2.766763283429067
3.0578801297583094
3.5734138720907285
