-0.0093254370572557
-0.011114012793011042
-0.013230385417953846
-0.015730197913109225
-0.018677164876186064
-0.022143776112991863
-0.026211874105421855
-0.030973003357479798
-0.03652838833345878
-0.042988342532382345
-0.05047084144851682
-0.05909890423798028
-0.0689963213361182
-0.08028113891488269
-0.09305617145998461
-0.10739567463309414
-0.12332719911138945
-0.14080760966261446
-0.1596923678081617
-0.17969755115305916
-0.20035486254793508
-0.2209612311096165
-0.2405266609490424
-0.25772675979012183
-0.27086963410248205
-0.27788989218262106
-0.2763841241148136
-0.2637007446675514
-0.2370908461063659
-0.19391506388065682
-0.13188590886941223
-0.04930981456634002
0.05471558225905696
0.18019028160677839
0.3262119202463272
0.49108693167141193
0.6725278267610196
0.8678952409645514
1.0744402665475372
1.2895113182784703
1.5107049862416233
1.7359558787334979
1.9635721022237171
2.192229264436191
2.4209373694818606
2.6489933464775532
2.875928898273893
3.1014601024759116
3.3254424206050013
3.547832717428904
3.7686585436247992
3.9879941548543574
4.20594236560329
4.422621222043547
4.638154514610474
4.8526652624601905
5.066271441086965
5.279083363989816
5.4912022556330395
5.702719660520639
5.91371742113451
6.124268027280459
6.334435193556195
6.544274562942745
