-6.5536
-6.345549206349206
-6.137498412698413
-5.929447619047619
-5.721396825396826
-5.513346031746032
-5.305295238095239
-5.097244444444445
-4.889193650793651
-4.6811428571428575
-4.473092063492064
-4.26504126984127
-4.056990476190476
-3.8489396825396827
-3.640888888888889
-3.4328380952380955
-3.224787301587302
-3.0167365079365083
-2.8086857142857147
-2.600634920634921
-2.3925841269841275
-2.1845333333333334
-1.9764825396825403
-1.7684317460317462
-1.5603809523809522
-1.352330158730159
-1.144279365079365
-0.9362285714285719
-0.7281777777777778
-0.5201269841269847
-0.3120761904761906
-0.10402539682539746
0.10402539682539658
0.3120761904761906
0.5201269841269838
0.7281777777777778
0.936228571428571
1.144279365079365
1.3523301587301582
1.5603809523809522
1.7684317460317454
1.9764825396825403
2.1845333333333334
2.3925841269841266
2.6006349206349197
2.8086857142857147
3.016736507936508
3.224787301587301
3.432838095238096
3.640888888888889
3.848939682539682
4.056990476190475
4.26504126984127
4.4730920634920635
4.681142857142857
4.88919365079365
5.097244444444445
5.305295238095238
5.513346031746031
5.721396825396826
5.929447619047619
6.137498412698412
6.345549206349205
6.5536
