-6.5536
-6.502199215686275
-6.450798431372549
-6.399397647058824
-6.347996862745099
-6.296596078431373
-6.245195294117647
-6.193794509803922
-6.142393725490196
-6.090992941176471
-6.039592156862746
-5.98819137254902
-5.9367905882352945
-5.885389803921569
-5.833989019607843
-5.782588235294118
-5.731187450980393
-5.679786666666667
-5.628385882352942
-5.576985098039216
-5.52558431372549
-5.474183529411765
-5.42278274509804
-5.371381960784314
-5.319981176470589
-5.2685803921568635
-5.217179607843137
-5.165778823529412
-5.114378039215687
-5.062977254901961
-5.011576470588236
-4.96017568627451
-4.9087749019607845
-4.857374117647059
-4.805973333333333
-4.754572549019608
-4.703171764705882
-4.651770980392157
-4.600370196078432
-4.5489694117647055
-4.49756862745098
-4.446167843137255
-4.394767058823529
-4.343366274509804
-4.291965490196079
-4.240564705882353
-4.189163921568627
-4.137763137254902
-4.086362352941176
-4.034961568627451
-3.9835607843137257
-3.93216
-3.8807592156862745
-3.8293584313725493
-3.7779576470588236
-3.726556862745098
-3.675156078431373
-3.623755294117647
-3.5723545098039216
-3.520953725490196
-3.4695529411764707
-3.418152156862745
-3.3667513725490195
-3.3153505882352943
-3.2639498039215686
-3.212549019607843
-3.161148235294118
-3.109747450980392
-3.0583466666666665
-3.0069458823529414
-2.9555450980392157
-2.90414431372549
-2.8527435294117645
-2.8013427450980393
-2.7499419607843136
-2.698541176470588
-2.647140392156863
-2.595739607843137
-2.5443388235294115
-2.4929380392156864
-2.4415372549019603
-2.390136470588235
-2.33873568627451
-2.287334901960784
-2.2359341176470586
-2.1845333333333334
-2.1331325490196074
-2.081731764705882
-2.030330980392157
-1.978930196078431
-1.9275294117647057
-1.8761286274509805
-1.8247278431372544
-1.7733270588235293
-1.721926274509804
-1.670525490196078
-1.6191247058823528
-1.5677239215686276
-1.5163231372549015
-1.4649223529411763
-1.4135215686274512
-1.362120784313725
-1.3107199999999999
-1.2593192156862747
-1.2079184313725486
-1.1565176470588234
-1.1051168627450982
-1.0537160784313722
-1.002315294117647
-0.9509145098039218
-0.8995137254901957
-0.8481129411764705
-0.7967121568627453
-0.7453113725490192
-0.6939105882352941
-0.642509803921568
-0.5911090196078428
-0.5397082352941176
-0.4883074509803915
-0.43690666666666633
-0.38550588235294114
-0.33410509803921506
-0.2827043137254899
-0.23130352941176469
-0.1799027450980386
-0.12850196078431342
-0.07710117647058823
-0.02570039215686215
0.02570039215686304
0.07710117647058823
0.1285019607843143
0.1799027450980395
0.23130352941176469
0.28270431372549076
0.33410509803921595
0.38550588235294114
0.4369066666666672
0.4883074509803924
0.5397082352941176
0.5911090196078437
0.6425098039215689
0.6939105882352941
0.7453113725490201
0.7967121568627453
0.8481129411764714
0.8995137254901966
0.9509145098039218
1.0023152941176479
1.053716078431373
1.1051168627450982
1.1565176470588243
1.2079184313725495
1.2593192156862747
1.3107200000000008
1.362120784313726
1.4135215686274512
1.4649223529411772
1.5163231372549015
1.5677239215686276
1.6191247058823537
1.6705254901960798
1.721926274509804
1.7733270588235301
1.8247278431372562
1.8761286274509805
1.9275294117647066
1.9789301960784327
2.030330980392157
2.081731764705883
2.133132549019609
2.1845333333333334
2.2359341176470595
2.2873349019607856
2.33873568627451
2.390136470588236
2.441537254901962
2.4929380392156864
2.5443388235294124
2.5957396078431385
2.647140392156863
2.698541176470589
2.749941960784315
2.8013427450980393
2.8527435294117653
2.9041443137254914
2.9555450980392157
3.006945882352942
3.058346666666668
3.109747450980392
3.1611482352941183
3.2125490196078443
3.2639498039215686
3.3153505882352947
3.366751372549021
3.418152156862745
3.469552941176471
3.5209537254901973
3.5723545098039216
3.6237552941176476
3.6751560784313737
3.726556862745098
3.777957647058824
3.82935843137255
3.8807592156862745
3.9321600000000005
3.9835607843137266
4.034961568627451
4.086362352941177
4.137763137254903
4.189163921568627
4.2405647058823535
4.2919654901960795
4.343366274509804
4.39476705882353
4.446167843137256
4.49756862745098
4.548969411764706
4.6003701960784324
4.651770980392157
4.703171764705883
4.754572549019609
4.805973333333333
4.857374117647059
4.908774901960785
4.96017568627451
5.011576470588236
5.062977254901962
5.114378039215688
5.165778823529412
5.217179607843138
5.268580392156864
5.319981176470589
5.371381960784315
5.422782745098041
5.474183529411765
5.525584313725491
5.576985098039217
5.628385882352942
5.679786666666668
5.731187450980394
5.782588235294118
5.833989019607844
5.88538980392157
5.9367905882352945
5.988191372549021
6.039592156862747
6.090992941176471
6.142393725490197
6.193794509803923
6.245195294117647
6.2965960784313735
6.3479968627450996
6.399397647058824
6.45079843137255
6.502199215686276
6.5536
