-0.061885530108893784
-0.07254776402917515
-0.07725987719785007
-0.07812893587593996
-0.08198581131088464
-0.08332633126717041
-0.0844825339657879
-0.08740636873493376
-0.09243816412537004
-0.09711152974282924
-0.10249178621900672
-0.10595715572698637
-0.1072810142810833
-0.10809597577500908
-0.11014944628405474
-0.11216722493843159
-0.11418671289374475
-0.11552018207831956
-0.11753454458215365
-0.11883078742379558
-0.12184251785637577
-0.1234745564443862
-0.1247144288152749
-0.12679777173262044
-0.12887833475184451
-0.13074611117336596
-0.1321042765561221
-0.13516269008245677
-0.1370468945255875
-0.1387464243386948
-0.14034988734444168
-0.1421449942196741
-0.14407172075930036
-0.14550617905354904
-0.14684752380667646
-0.1482736883530632
-0.15038924306997778
-0.152383131489593
-0.15454607552213498
-0.15607543802358717
-0.15816214688336652
-0.15980248988573947
-0.16092985273333615
-0.16215700901212396
-0.16391261397238596
-0.16520420199561653
-0.16639762631580057
-0.16736383235859448
-0.16842071374903814
-0.16995021731872928
-0.17133566475077308
-0.17234635514917487
-0.17356584904238923
-0.1753016245119611
-0.17649023114894866
-0.17784071248947023
-0.17943053628628314
-0.18076838137230591
-0.18220423537070893
-0.18329040591196427
-0.18441981430089577
-0.18600533615935722
-0.18745617356447766
-0.18859987464786804
-0.18971565633932513
-0.19069210939954917
-0.19168025201499303
-0.19307023258684358
-0.19400825748419212
-0.19505286813201236
-0.1961116925524836
-0.19750240852441733
-0.19872267405207938
-0.1998481356575596
-0.20105659417585328
-0.20201162240091775
-0.20278503728682104
-0.20368707540559464
-0.20461106876421506
-0.20578000480548436
-0.2069419627782068
-0.20817399704414655
-0.20935167067011065
-0.21028578331983822
-0.21119895508360645
-0.2120361168653345
-0.21305487833109868
-0.21405531206105197
-0.21502542578720638
-0.21586264147885253
-0.21686567053889882
-0.21804700034652486
-0.21884794196395385
-0.2197660764932967
-0.22059237091574357
-0.22126384636876686
-0.221914601369365
-0.22269043837025543
-0.22353007365222674
-0.22424402482874528
-0.22503708523264215
-0.22586930812001946
-0.22677899837870152
-0.22753830552270515
-0.22817907464887308
-0.22878988145751344
-0.22973760704747143
-0.23052973117186276
-0.231596782881558
-0.2324624537350891
-0.23328543291588597
-0.23416205808787782
-0.23525735554876737
-0.23614621123205254
-0.2369527653912781
-0.23755384829196832
-0.2382186815398889
-0.23920051433189385
-0.24010996984332328
-0.24096240906486152
-0.241636711114552
-0.24232468978889976
-0.2430412214203462
-0.2437851691387131
-0.24457893330413474
-0.24532244494733105
-0.24612198543403857
-0.24698492653265783
-0.2476881035079358
-0.2483757116358865
-0.24901615778596525
-0.24970442527668188
-0.25032198492263286
-0.2509311096480913
-0.25159949978908375
-0.25239299962649914
-0.25316242193521526
-0.25388693880048296
-0.25455798489128945
-0.2551033296165384
-0.25568873039947576
-0.2562094198714373
-0.2567794003350705
-0.2571974062861621
-0.25759560229314943
-0.2580006174187875
-0.2584378882698408
-0.25894590987490584
-0.25945813511576643
-0.2599900112719254
-0.26067199806851177
-0.2612496457004499
-0.2619459037189419
-0.2626053860975278
-0.26310115792212413
-0.2636882279611309
-0.2642519673492525
-0.26472250890741944
-0.26516749037436926
-0.26555841837658295
-0.2659099989429729
-0.26635234617472386
-0.26670934047669226
-0.2670665934335623
-0.26740078959822483
-0.26774904845855224
-0.2681086868204093
-0.26849326365418275
-0.26892986392808893
-0.26923403626861364
-0.26958606854247735
-0.2699170732698982
-0.2703241795769443
-0.27068606066016965
-0.2710290519510652
-0.2713872033401269
-0.2717957764959696
-0.27213742064266305
-0.2724520217409779
-0.27277621426389226
-0.27303546245962185
-0.2732566113552841
-0.2734872357113498
-0.273722961268418
-0.27394576653323993
-0.27414693687717956
-0.27434971912777073
-0.2745423919979082
-0.27473088355006553
-0.27492437944896336
-0.27508884283520324
-0.27528286801249185
-0.2754862618767878
-0.2756883356208671
-0.2758779216771721
-0.2760455691879515
-0.27624012021439553
-0.27639340846344446
-0.27654212791020727
-0.2766865931130239
-0.27681502767031085
-0.2769419522377403
-0.27706355372925084
-0.27715804605049843
-0.2772648808795913
-0.2773598412817449
-0.2774695533087211
-0.2775752241623111
-0.2776735914286116
-0.27776959975513416
-0.27785365927704747
-0.2779350192152179
-0.2780149132213281
-0.27808812753565604
-0.2781585404555027
-0.2782112966976816
-0.2782549266511085
-0.2782962864420159
-0.27833880246240444
-0.2783743425366275
-0.27840311454118455
-0.2784242211679639
-0.2784414416753832
-0.2784547905668721
-0.2784619743604169
-0.27846453594278614
-0.27846038526842265
-0.2784469155419003
-0.27842886580782455
-0.27840679495909776
-0.27838304899028504
-0.27835421625979573
-0.2783137702997631
-0.27827290268711136
-0.278221604280141
-0.27816376275005095
-0.27809803876132627
-0.27802956311423466
-0.2779329745952363
-0.27782283633812177
-0.2776803301354893
-0.277556279643998
-0.27745786209484935
-0.27737848347456145
-0.27727956148032984
-0.2771703019240109
-0.2770346220637803
-0.27690355319048676
-0.2767733549701623
-0.2766362498116286
-0.2765053447618892
-0.2763594473644905
-0.27616882397759296
-0.2759665460131288
-0.27577388505007233
-0.27558133121970935
-0.27541713784620253
-0.275208281563571
-0.2749690774588544
-0.27471538034821247
-0.27447486836513785
-0.2742293974647247
-0.27401175892636104
-0.2737655214896613
-0.27352244872629494
-0.2732579741725301
-0.27301160860564977
-0.2727494952965009
-0.272526522711127
-0.2722652425864412
-0.2719704090410773
-0.2716726913143829
-0.27134520886932517
-0.27100210233557237
-0.27062845904713
-0.27029779296604717
-0.26994344878333515
-0.26956947013181837
-0.26923071270727256
-0.2688496250231174
-0.26852911193853546
-0.26818797079938367
-0.2678234754020779
-0.2674610768058925
-0.2669890628233714
-0.266492160135561
-0.2659977984357785
-0.26555582960022694
-0.2650916034559666
-0.26465370634461505
-0.26424458944850415
-0.2638078001602902
-0.263395869870715
-0.26295006047816477
-0.26242838486977954
-0.26202068664809547
-0.26166942088591566
-0.2613266717925326
-0.26095688794035904
-0.26046281681540556
-0.25999225279708466
-0.2595603028665977
-0.2590463648193599
-0.2585808270661026
-0.2580426520150911
-0.2575836636271686
-0.2571229280224354
-0.2566534509721474
-0.25609480484971625
-0.2554761838418001
-0.25490363782020925
-0.2544020334421893
-0.2539613472403273
-0.2535091584213568
-0.25303432495024136
-0.2524922592980775
-0.2518798425303259
-0.2511924639017553
-0.25038692919484484
-0.2497254269910111
-0.24905252543385709
-0.2483918486381643
-0.24772521023763405
-0.24707885248245096
-0.24649805073778325
-0.24596445000307693
-0.24539126348137436
-0.24467179025766775
-0.24406554864733007
-0.2434980970715015
-0.2428169300065736
-0.24222054248134237
-0.2414701537453496
-0.24067976596614088
-0.23984007018813702
-0.2389193114317184
-0.23797542376644004
-0.23698085514495976
-0.23599375017691884
-0.23517382212910526
-0.23441045320656648
-0.23354831487213096
-0.2326199706009856
-0.23183012179990445
-0.23098819831678982
-0.23006546165941888
-0.22930142604894913
-0.22849775868912506
-0.2277430193290479
-0.2270501523142895
-0.22637163270844338
-0.22556712074267493
-0.22485775146773376
-0.22421053540081531
-0.22365033027388107
-0.22293293581032642
-0.2221680118779974
-0.22137296189419148
-0.2205935630005894
-0.21987926324524132
-0.21913424571697512
-0.2183260261520788
-0.21736269961850646
-0.2162645194522082
-0.21521805186494808
-0.2143008664482955
-0.21353682117914183
-0.21279250034006236
-0.21186480965205504
-0.21098428386039722
-0.20992187688681843
-0.20892612551907144
-0.20788911636490273
-0.20685830490316634
-0.2058627886370216
-0.20491883647851064
-0.20385407999691016
-0.20285277860919043
-0.20183360631228664
-0.2007446043313349
-0.19994979359045717
-0.19893297120531428
-0.1978411852197026
-0.19661510803472168
-0.19535651395283965
-0.1940879516272121
-0.19297662796201276
-0.1919313984167905
-0.1907550079153658
-0.18960102747046712
-0.1884159041386644
-0.18716220000224779
-0.18614941153076825
-0.1849812696304024
-0.18379538686168637
-0.18254717050881297
-0.18105847389718238
-0.1797327113862883
-0.17834042391514177
-0.17715502642671954
-0.1760174385682576
-0.17503453511385142
-0.17374915810737643
-0.17229261911834384
-0.17075521284216166
-0.1692010729371932
-0.16771460337902105
-0.16627856177123326
-0.16497916126022788
-0.16340733076217323
-0.16180246623832414
-0.16040793606667586
-0.1592470571313088
-0.1580069416300399
-0.1568093238623732
-0.15563670172886912
-0.1543704265436106
-0.1530225313437559
-0.1517743727068933
-0.1505181366987691
-0.1493092831112115
-0.14809833619849075
-0.14692456569910856
-0.14600916944349923
-0.14490294911619306
-0.14373140002368412
-0.1425910057993509
-0.14132956220089415
-0.1398414131514106
-0.13823598501315607
-0.1367477530497087
-0.13507603292495138
-0.13334683983474127
-0.1317949747497195
-0.1306160413488367
-0.12941567320842962
-0.12794451889740038
-0.12630761670545881
-0.12455061106630023
-0.12269687717404908
-0.12105608208714547
-0.1195630325224205
-0.11826752754721445
-0.11687764903074571
-0.11541097821282612
-0.11358486791136749
-0.11179460496327935
-0.10992250809160203
-0.10813944092787198
-0.10641940414256526
-0.10482181277205559
-0.10305822477670966
-0.10112857120003836
-0.09927468248257862
-0.09714459201928449
-0.09497942846847515
-0.09305928908316921
-0.09102049296662346
-0.08914343097640832
-0.08753036801982242
-0.08595595822460196
-0.08404447640973725
-0.08224103379460765
-0.08024784994572999
-0.07809385991677442
-0.07621258140602048
-0.07450676386847677
-0.07283859120459592
-0.07136735724701657
-0.06984201845061004
-0.06805388583710245
-0.06598731198635419
-0.06417845951079162
-0.062423274996480795
-0.06065651812591207
-0.05870013118906493
-0.0569919251910563
-0.05544109691591296
-0.05393530537021432
-0.05233692759945772
-0.050946742739512704
-0.04889363241499871
-0.046749311658449304
-0.04488281705960333
-0.042767574274609456
-0.04072148014889041
-0.03856990721445971
-0.03649404650072699
-0.034271558499566694
-0.03215536516694346
-0.030195671841564804
-0.02818040609850828
-0.026025167755722903
-0.024478462372036103
-0.022819885603514122
-0.021053398697011217
-0.01905722911224527
-0.016898447929821807
-0.014899362822922046
-0.01284825991088528
-0.010667313608650761
-0.008572834950547063
-0.006403156432964664
-0.003695267280114475
-0.0013924277070950703
0.0008537210495940092
0.0031702451612946915
0.005359347274096224
0.007241281059919207
0.008786266767937301
0.01050352415332629
0.012391852372841143
0.014230410593426937
0.016234654285530437
0.017981978083725318
0.01968843562331343
0.021424676899861408
0.023279739107447534
0.024910393040898045
0.02658815927371546
0.02825983137259101
0.030120045877959477
0.03236171879865645
0.034788144121640475
0.0374602373841414
0.039763158802389925
0.04198033666597198
0.04407159607084699
0.04600787185035609
0.04779869368302237
0.04971453384594075
0.051543833979877045
0.05360590384087093
0.05603010597851683
0.05859458719573299
0.06131620438944815
0.06363740387954822
0.06608066144605187
0.06840743099769246
0.07069592296849278
0.07305389286427522
0.07580116053949168
0.07825171102488683
0.08091351443163948
0.08354263959177315
0.0863019711042972
0.08886036869946287
0.09135558656661272
0.09360732333345846
0.09606786675153299
0.09828470473728304
0.10039536279368903
0.10280978905379379
0.10525263061452175
0.10772481174880302
0.11044815319395956
0.11320191929072604
0.11610388626412568
0.11865840791168882
0.1212979310248396
0.12386199114480617
0.12633908985110298
0.12886249336100222
0.1317756968373693
0.13469284040346494
0.13717722234065152
0.13957020036184256
0.1418941059911924
0.14371793763630977
0.1457845652852222
0.148193361979524
0.15084590696452302
0.15369394023482186
0.15649542304499364
0.15935921377488424
0.1624833392803746
0.16554065118777928
0.16918480782240322
0.17250279937898585
0.17575843639886135
0.17903150842269008
0.18196247344172983
0.18455846969525236
0.18743289423982132
0.1906591778645384
0.1942561409381754
0.19765921355616886
0.2010501590557868
0.20432859390170863
0.20727665665012004
0.21063118503088696
0.2143620902970696
0.21816426790371823
0.22165417593909104
0.22516505597365558
0.2282146943459432
0.231306971548842
0.23478595019945295
0.23794227764870327
0.24114182177028914
0.2447099888499886
0.2478702581106287
0.25102489406232087
0.254027349700827
0.2572743519219794
0.2604193444425625
0.2633020988806785
0.2658308032218667
0.2686660778645522
0.2712525914999724
0.2741013963630488
0.277098700261308
0.2798935603715181
0.2828692988477242
0.28600134266412025
0.28879261080816043
0.2911770391888868
0.29352088981984886
0.29588088751529346
0.298385093021674
0.3009734026865356
0.30375034924078465
0.3067451065091838
0.30927081923638355
0.31239164525832236
0.31490095360919124
0.31752602188948276
0.32027321014914306
0.3231290087127396
0.32631425217279353
0.3291786168429153
0.33208067028038174
0.3348503336119899
0.3382929902804709
0.34142581069086203
0.34440814680379217
0.3468501256903466
0.34959450117004065
0.3525982217210974
0.3556102165569311
0.35879575674554326
0.36208395077145217
0.36540133709538974
0.36887969498789097
0.3723508915471254
0.37622653589515553
0.3803427477878141
0.3848887515907769
0.3887031686118981
0.39225335044794535
0.3954173293700561
0.3990600288611691
0.40253957606121776
0.40612095726262065
0.40954095488307807
0.4131971641669156
0.4173967128407679
0.42164595958445883
0.4258016194147761
0.42912121094055344
0.43220477755237546
0.4349933764512902
0.4377587730001479
0.4407895968965732
0.444142913230978
0.447615293388233
0.4511929501454507
0.45489923272162147
0.45778399947206755
0.4602949601653455
0.4626644216100651
0.4652088032563068
0.46863777015351116
0.47162804245131335
0.474761142235602
0.47757055734535236
0.4806450863757173
0.48367432300346197
0.4874709752081783
0.4908571956335107
0.494510020017994
0.49868496992183
0.5028945342108059
0.5077843379834496
0.5124093607165051
0.516938590651064
0.5213396227183327
0.525997015858501
0.5308046671740935
0.5359744778455592
0.5406663547091239
0.5450831579077621
0.5493675591512923
0.553894872529547
0.5580562057370761
0.5619130167103933
0.5651675558330522
0.5687327148259315
0.5730331063349748
0.5770646700765691
0.5813630996624469
0.5856689630278048
0.5898187423542892
0.5936639169414457
0.5974867467867908
0.6009621633342603
0.6049521026452581
0.6090891064298298
0.6132836051747418
0.6176751024297867
0.6212972203857599
0.6257559238191073
0.6304023945341278
0.6345698418155873
0.6383623223026451
0.641811998754811
0.6455349465302318
0.6493421899961781
0.6532026858932339
0.6574563598608225
0.6610779603289123
0.6647394024830915
0.6681972653164794
0.6716577579832763
0.6754174620294062
0.6785754254936814
0.6816623632753299
0.6848407427070107
0.6890344996439915
0.6936054509782529
0.6985848228134762
0.7038226610169359
0.7086789828297421
0.7128945017691055
0.7167740226748779
0.7209385708772441
0.7258846653109208
0.7311139347577027
0.7356411110468914
0.7407467906642156
0.7462123105416449
0.7512023973487109
0.7557414792510715
0.7601928966088
0.7654358511596626
0.7706127475495851
0.7752792410344821
0.7802042776412964
0.7847470027646573
0.7893756681599132
0.7938496567037016
0.7976974284707438
0.802134919331121
0.806544653077471
0.8106371178951903
0.8153707638492538
0.8200738128423916
0.8251753533031818
0.8313403083048823
0.8367196859162452
0.8422339449039898
0.8470619909068638
0.8512523813818715
0.8558533362348656
0.8598245616070941
0.8637329897639611
0.867298752028916
0.8707434768305138
0.8745007610692977
0.8787227921077017
0.8825922371939539
0.8869744688753294
0.8921169517083617
0.896606081205716
0.9018421137894475
0.9070691152467045
0.9124599998272008
0.9179581462180425
0.9235902529154293
0.9286840251513436
0.9340285789615601
0.9391036476197764
0.9434908126742299
0.9489996643645621
0.9535766228647252
0.9587002912796404
0.9634760010908958
0.9686059314379712
0.9744435170199732
0.979006426276372
0.9833752226185596
0.9874145020175328
0.9921206141034382
0.9983748487809218
1.0046365521683125
1.0105075495888414
1.0171104466945426
1.0236582276757138
1.0306496946381905
1.0359014572917562
1.0408951044863806
1.046381249052802
1.05195090427494
1.0580477086793518
1.062816618793782
1.067695322028304
1.0733983459386978
1.0793155568496868
1.0858198494423303
1.093234537447289
1.1002714276132726
1.1061790024355376
1.1122357318714553
1.117750223527396
1.1225433614100602
1.1274108428808511
1.1338731146973304
1.140353169117873
1.1471313925110649
1.1536044779431271
1.1600059365466666
1.166923879817452
1.1733811076612686
1.179320144608483
1.1848705235454808
1.1899290998447438
1.1963956090953762
1.2037471632426902
1.211483350052556
1.2189795162686952
1.225042992344282
1.23103849879599
1.2375377874213003
1.244880306754158
1.2522378805766385
1.2587378158717555
1.2640697515576262
1.2693430121351836
1.2749953739557538
1.281548273926316
1.2880864556802432
1.29306252240231
1.2981799164826722
1.3044710897785703
1.3103998673372976
1.317148996749961
1.3234415903188148
1.3300292325467564
1.3373602576329235
1.3449259204685664
1.353337025124211
1.3617362888981228
1.3686833865291574
1.3752128892684419
1.381442395517652
1.3872331868748011
1.3920909555597287
1.39803173521307
1.4043972883559945
1.4121502054344435
1.419942773905823
1.4265867033300457
1.4331384360125439
1.4400997805776692
1.4475055783577402
1.454246636215557
1.4626885430902565
1.4694968482265096
1.4772086972318879
1.4852299931958395
1.4929555356593542
1.5008302063711536
1.5078074912733077
1.5159081174267743
1.523891145691574
1.5323183096105057
1.539973496348333
1.5483094971671179
1.555954577677191
1.5639899556114838
1.571105463932333
1.5804237811875177
1.5895072087048077
1.5982677757623942
1.6059532459279504
1.6141012729825734
1.6225485419503267
1.6303339504081198
1.6374779710838412
1.6438095739112537
1.6505559800474037
1.6572863636418047
1.66609182206055
1.6743742492379943
1.680548663589528
1.6878895272306615
1.696033259997443
1.7051205553733602
1.7159156236034094
1.7250975902135097
1.7339199330251387
1.7403504270046122
1.7488126841219194
1.7556795407427908
1.7608494866773563
1.7692553309166277
1.7782456293167377
1.7884759167692807
1.797310861242614
1.8039511763837213
1.8105114348943785
1.8183671627138238
1.8268859839850613
1.8342168942354506
1.8439126761083713
1.852752549928773
1.8636826124862989
1.8725828128132516
1.8840484501782637
1.8931583432630643
1.9020334176949099
1.9129830508762786
1.9228228011968238
1.93303954075202
1.9418169552711608
1.952123171420648
1.96183944098128
1.969094628969565
1.9783415835531406
1.9877657336695795
2.000791938496553
2.0155873622627474
2.0238960755585977
2.034312262749216
2.044989456637341
2.05601981049183
2.068131695697388
2.0797755226998365
2.091731641989309
2.0988333714880922
2.105041443970619
2.1144627109384975
2.124252811938468
2.133020649177155
2.1416157071248265
2.1513131501626757
2.165966061888867
2.176651053030662
2.186894135511876
2.196192169691577
2.20542521986831
2.215531383024546
2.2277968712225316
2.238122902602976
2.2463919019055245
2.2569553589993854
2.266592887419619
2.277889293600676
2.291013304661267
2.3030922642347647
2.3165566996074616
2.3318949842686814
2.342809898499838
2.356244484272742
2.3698441045985597
2.391591583824234
2.402926799654721
2.4158145840790843
2.430033919663817
2.444183192233047
2.4569629540764653
2.472871344640552
2.491894373966724
2.5078057431342695
2.5227858524669196
2.5461823033777433
2.5632266592313124
2.5798933879941917
2.5977127293434297
2.6129737021421504
2.6283181846640167
2.6515476786889094
2.6720540331369365
2.6819356264643797
2.6990100490720357
2.7130165511965623
2.7301933569214984
2.7569796188585896
2.7794896275139025
2.807802777046159
2.847318389331673
2.871745189724577
2.885045944637477
2.9024374205012418
2.9183611740911792
2.9351332756538056
2.9510939384869386
2.971238853377778
2.985137599742042
3.005145132003352
3.026488385032211
3.051745204508759
3.079407089147895
3.1370324336514015
3.1635267187594573
3.1959761036174514
3.2226203954075565
3.2594501331307417
3.2928696235329844
3.3365705514757282
3.3642005216826623
3.3909874297937
3.423404331665854
3.459642949562866
3.473829741786763
3.50694541177861
3.5697214586923676
3.6443487557495398
3.668611770046481
3.7522308701202602
3.829258920456854
4.0109541946563665
4.063391287585486
4.169998483282522
