-0.061885530108893784
-0.0762720203086896
-0.08392827392794909
-0.094752086074241
-0.10300264643062654
-0.10879778536223218
-0.116269508171942
-0.12293050844286874
-0.12925180837293673
-0.13832847087479316
-0.14489061983233786
-0.15041281865535613
-0.157183452324882
-0.1633361561213757
-0.16822648371705742
-0.1738137530364667
-0.1791370095089903
-0.18369619122817527
-0.18815881264095605
-0.19257003145038976
-0.19674396527159127
-0.2012243227168198
-0.20510338042085235
-0.20837754072151451
-0.21202010602945648
-0.21586539612315
-0.21997935204183824
-0.22427867836732351
-0.22808333204338185
-0.2312963731270837
-0.2344350317744124
-0.2371901739050128
-0.24044116529502155
-0.2434892234530509
-0.24680097312599442
-0.2497913566810056
-0.25270731978391286
-0.2553349339160294
-0.25757073084188536
-0.2596697470473949
-0.26185033244672573
-0.2639383861550397
-0.26595003638487086
-0.2675796232904398
-0.2690280159301555
-0.27025741292098837
-0.2714559328375225
-0.27264792217674644
-0.27372167464067365
-0.27466026912517993
-0.2754712534602102
-0.27617255002850744
-0.27675131444373535
-0.2772735726073344
-0.27773576298582053
-0.27806739606538855
-0.27829634267229797
-0.2784286919874124
-0.27846429216649304
-0.27841590198732385
-0.2782944447731476
-0.27806908567390426
-0.2777629198192811
-0.27735006227183806
-0.27687433526753713
-0.27635319889829046
-0.27571800745844577
-0.27495480633098257
-0.2740756850540861
-0.2730376920271004
-0.27181461207499524
-0.27048381790804393
-0.26905383029610264
-0.2676342449365285
-0.26615235591963327
-0.2647155624934465
-0.2632542017011426
-0.2616323809951134
-0.25974223416134345
-0.2574017499885858
-0.2548886100972034
-0.2523986264652767
-0.2497195798569241
-0.24708068356924728
-0.24427751092959196
-0.241242067621001
-0.23807657587878528
-0.2347488304372311
-0.23116649876458545
-0.2273954758308107
-0.22363647287443977
-0.21973198680396389
-0.21592351080061525
-0.21225362941063883
-0.20841382760733204
-0.20443791114953136
-0.20032578975265092
-0.19644290011779797
-0.1924516702430507
-0.18826902379158153
-0.18398477985968192
-0.17913838800041024
-0.17433455868008482
-0.16853855641529011
-0.16256714171083256
-0.15669228955242348
-0.15048266198907922
-0.14425112538824356
-0.1374152837834718
-0.13111547500859272
-0.12462118973793179
-0.11792675592427744
-0.1109079964113909
-0.1041475379521988
-0.0974970268305965
-0.09059862202461372
-0.08364485934228291
-0.07638486730915353
-0.06881327188187181
-0.060684500720159906
-0.05236657530348932
-0.04379811357260772
-0.03611837703793986
-0.028917103546361875
-0.02194609265038278
-0.014569816463971446
-0.00768989751370623
-0.0011294294012310626
0.005481224841488464
0.012016941121718482
0.019104916201489686
0.026638716187719864
0.034937680878798456
0.0441672223537486
0.05341885237275962
0.06272197000190179
0.07207871035488461
0.08099746968769145
0.0896146391154481
0.09747012980644436
0.1051534643352787
0.11354348884330574
0.12253659815301947
0.13246088666523215
0.14275156439723333
0.1537253792096295
0.16438125159389716
0.17454575031579994
0.18425607217405549
0.19403093071687222
0.20457697776938952
0.21623756564323507
0.22918746544451676
0.2433742070252491
0.258703199443732
0.27260018638266237
0.28392408941403763
0.29480549192029787
0.30575880980692854
0.3169702218538594
0.3283669154097284
0.33975629094451715
0.3516433400371856
0.36392495487773224
0.3766847224304508
0.38995241498079386
0.40311688905351734
0.4160836644605989
0.42846230325746903
0.44074849500827357
0.45326694487173896
0.46618358786733294
0.47936513305280026
0.49323830404341773
0.507186111435723
0.5208745894171332
0.5347649718992773
0.5485643350754312
0.5629951320605004
0.5797025542294955
0.5965027656875186
0.61337107044567
0.6308438015013
0.6483577104672784
0.6677902444266924
0.6874695271965978
0.7093880482394609
0.7301624450915543
0.7516169239793894
0.7746753094310449
0.7988019538076694
0.8234628767483841
0.8460210580746766
0.8688284417173093
0.891038330115652
0.9131940422720731
0.9358251322602392
0.9582869768977554
0.9804296563268818
0.99925660980834
1.0162565475723973
1.0357157264834862
1.056758607038184
1.0787955821954804
1.10310630091747
1.126915526485099
1.1526512443495445
1.1786235319595197
1.2037078917967636
1.2270352695665132
1.247324160852935
1.2688012847269925
1.289958317707335
1.3094099655770841
1.3322193195273326
1.3577310634761293
1.3874726607058303
1.4233328056898094
1.4624079983317737
1.5015547025514724
1.538600466488853
1.573262715698307
1.6087926049337762
1.6437424500228601
1.6757437643647755
1.7039673553938604
1.734040929777701
1.762514402246809
1.795749604811922
1.8268331997437504
1.8579606488010014
1.8900937730122929
1.923637381771834
1.9602550824945035
2.0008737866615
2.0499489559407587
2.0994004424487382
2.1468816456942896
2.204354127325525
2.265082132257507
2.3255018676530814
2.386434968777812
2.441772581473913
2.5057977476612394
2.564098501403099
2.6288734739321007
2.7088886297921153
2.7825795997530625
2.8725079477119
2.957692607753112
3.032577341666462
3.1835794337542636
3.2960280835156524
3.451638733458947
3.7236952203514626
4.081509473677729
