-0.0093254370572557
-0.009427048428355912
-0.00952972815367242
-0.009633486854176296
-0.009738335246298297
-0.009844284142606907
-0.009951344452487647
-0.010059527182823588
-0.01016884343867681
-0.01027930442397098
-0.010390921442174647
-0.010503705896985394
-0.010617669293014664
-0.010732823236473102
-0.010849179435856369
-0.010966749702631333
-0.011085545951922467
-0.011205580203198309
-0.011326864580958051
-0.011449411315417832
-0.011573232743196908
-0.011698341308003382
-0.011824749561319372
-0.011952470163085606
-0.012081515882385173
-0.012211899598126288
-0.012343634299724066
-0.012476733087780969
-0.012611209174765851
-0.012747075885691529
-0.01288434665879053
-0.013023035046188961
-0.01316315471457841
-0.01330471944588544
-0.013447743137938823
-0.013592239805134066
-0.013738223579095118
-0.013885708709333198
-0.014034709563902308
-0.014185240630051379
-0.01433731651487287
-0.014490951945947426
-0.014646161771984632
-0.014802960963459393
-0.014961364613243799
-0.015121387937234389
-0.015283046274974316
-0.015446355090270283
-0.01561132997180413
-0.01577798663373856
-0.015946340916316866
-0.016116408786456534
-0.016288206338336136
-0.016461749793975446
-0.016637055503808514
-0.016814139947249215
-0.01699301973324913
-0.01717371160084745
-0.017356232419712434
-0.017540599190674314
-0.017726829046249136
-0.01791493925115324
-0.018104947202808187
-0.018296870431835546
-0.01849072660254127
-0.01868653351338948
-0.018884309097464875
-0.019084071422923864
-0.01928583869343364
-0.019489629248598924
-0.01969546156437615
-0.01990335425347434
-0.0201133260657425
-0.020325395888543017
-0.020539582747110603
-0.020755905804896297
-0.020974384363896204
-0.021195037864964333
-0.021417885888109046
-0.02164294815277292
-0.021870244518095057
-0.022099794983155674
-0.022331619687202417
-0.022565738909857594
-0.02280217307130624
-0.02304094273246398
-0.02328206859512439
-0.023525571502085375
-0.0237714724372536
-0.02401979252572679
-0.024270553033853025
-0.02452377536926639
-0.024779481080898627
-0.025037691858965764
-0.02529842953492924
-0.025561716081431027
-0.025827573612201643
-0.026096024381940686
-0.026367090786169146
-0.026640795361052603
-0.02691716078319458
-0.027196209869399617
-0.02747796557640483
-0.02776245100057938
-0.028049689377591273
-0.02833970408204023
-0.028632518627056066
-0.028928156663861854
-0.029226641981300563
-0.02952799850532488
-0.029832250298448708
-0.030139421559160006
-0.030449536621293606
-0.03076261995336319
-0.031078696157851683
-0.03139778997045877
-0.031719926259304594
-0.03204513002408888
-0.032373426395204186
-0.03270484063280217
-0.033039398125812205
-0.03337712439091079
-0.03371804507144082
-0.03406218593627984
-0.0344095728786557
-0.03476023191490863
-0.035114189183198787
-0.03547147094215764
-0.03583210356948222
-0.036196113560471026
-0.03656352752650011
-0.036934372193438175
-0.03730867439999953
-0.03768646109603302
-0.03806775934074652
-0.03845259630086434
-0.03884099924871749
-0.03923299556026432
-0.03962861271304054
-0.040027878284037255
-0.04043081994750526
-0.040837465472684006
-0.041247842721454195
-0.04166197964591181
-0.042079904285862293
-0.04250164476623339
-0.04292722929440467
-0.04335668615745224
-0.043790043719307045
-0.04422733041782487
-0.04466857476176615
-0.04511380532768442
-0.04556305075672079
-0.04601633975130311
-0.046473701071748114
-0.0469351635327639
-0.04740075599985192
-0.04787050738560547
-0.04834444664590349
-0.04882260277599718
-0.04930500480648771
-0.04979168179919293
-0.05028266284290073
-0.050777977049007175
-0.05127765354703744
-0.051781721480046845
-0.05229020999990018
-0.05280314826242721
-0.05332056542245164
-0.053842490628691474
-0.05436895301852876
-0.05489998171264578
-0.055435605809525584
-0.05597585437981477
-0.05652075646054541
-0.05707034104921405
-0.057624637097715516
-0.05818367350612832
-0.05874747911634953
-0.059316082705576645
-0.0598895129796337
-0.060467798566138264
-0.061050968007508026
-0.06163904975380313
-0.06223207215540189
-0.06283006345550687
-0.06343305178247921
-0.0640410651419975
-0.06465413140903857
-0.06527227831967794
-0.06589553346270602
-0.06652392427105754
-0.0671574780130518
-0.0677962217834395
-0.06844018249425399
-0.06908938686546395
-0.0697438614154237
-0.07040363245111848
-0.07106872605820169
-0.07173916809082055
-0.07241498416122691
-0.07309619962917058
-0.07378283959107135
-0.07447492886896642
-0.07517249199923043
-0.07587555322106423
-0.0765841364647494
-0.07729826533966486
-0.07801796312206251
-0.07874325274259829
-0.07947415677361509
-0.08021069741617458
-0.08095289648683385
-0.08170077540416383
-0.08245435517500597
-0.08321365638046344
-0.08397869916162366
-0.0847495032050082
-0.0855260877277471
-0.08630847146247354
-0.08709667264193573
-0.08789070898332195
-0.08869059767229592
-0.08949635534673842
-0.0903079980801914
-0.09112554136500198
-0.09194900009516165
-0.092778388548838
-0.09361372037059502
-0.09445500855329848
-0.09530226541970314
-0.0961555026037179
-0.09701473103134592
-0.09787996090129567
-0.09875120166526014
-0.0996284620078601
-0.10051174982624873
-0.10140107220937371
-0.10229643541689383
-0.10319784485774662
-0.10410530506836385
-0.105018819690532
-0.10593839144889373
-0.1068640221280884
-0.10779571254952751
-0.10873346254780303
-0.10967727094672478
-0.11062713553498482
-0.11158305304144568
-0.1125450191100495
-0.11351302827434588
-0.11448707393163585
-0.11546714831672901
-0.11645324247531207
-0.11744534623692607
-0.11844344818755038
-0.11944753564179132
-0.12045759461467324
-0.12147360979303043
-0.12249556450649855
-0.12352344069810252
-0.1245572188944415
-0.12559687817546783
-0.12664239614385983
-0.12769374889398658
-0.12875091098046496
-0.12981385538630685
-0.1308825534906574
-0.13195697503612236
-0.13303708809568598
-0.13412285903921836
-0.13521425249957267
-0.13631123133827297
-0.1374137566107928
-0.13852178753142627
-0.13963528143775095
-0.14075419375468606
-0.14187847795814604
-0.14300808553829134
-0.1441429659623793
-0.14528306663721696
-0.14642833287121818
-0.14757870783606827
-0.1487341325279993
-0.14989454572867947
-0.1510598839657205
-0.15223008147280664
-0.15340507014945065
-0.15458477952038058
-0.15576913669456313
-0.15695806632386877
-0.1581514905613847
-0.15934932901938167
-0.16055149872694127
-0.16175791408725088
-0.16296848683457407
-0.16418312599090312
-0.16540173782230314
-0.16662422579495623
-0.16785049053091425
-0.1690804297635706
-0.1703139382928605
-0.1715509079402008
-0.17279122750318024
-0.1740347827100112
-0.1752814561737562
-0.17653112734634072
-0.17778367247236523
-0.17903896454273183
-0.1802968732480975
-0.18155726493217042
-0.1828200025448638
-0.1840849455953235
-0.18535195010484634
-0.18662086855970522
-0.1878915498638999
-0.18916383929185082
-0.1904375784410565
-0.19171260518473163
-0.19298875362444906
-0.1942658540428045
-0.19554373285612603
-0.19682221256725174
-0.19810111171839698
-0.1993802448441354
-0.20065942242451942
-0.20193845083836248
-0.20321713231671124
-0.20449526489653358
-0.20577264237464826
-0.20704905426192652
-0.20832428573779202
-0.20959811760504946
-0.21087032624507265
-0.21214068357338142
-0.2134089569956398
-0.21467490936410802
-0.2159382989345809
-0.21719887932384588
-0.21845639946769732
-0.21971060357953953
-0.2209612311096165
-0.22220801670490486
-0.2234506901697065
-0.2246889764269803
-0.22592259548045107
-0.2271512623775354
-0.2283746871731254
-0.2295925748942705
-0.23080462550579903
-0.23201053387692336
-0.23320998974886947
-0.23440267770357603
-0.23558827713350744
-0.23676646221262468
-0.23793690186856042
-0.23909925975604437
-0.24025319423162442
-0.2413983583297332
-0.24253439974014476
-0.24366096078687202
-0.24477767840855236
-0.2458841841403711
-0.24698010409757148
-0.24806505896060274
-0.24913866396195405
-0.2502005288747281
-0.25125025800300216
-0.25228745017402887
-0.25331169873232917
-0.25432259153572745
-0.25531971095338024
-0.256302633865852
-0.25727093166728804
-0.2582241702697363
-0.259161910109672
-0.2600837061567727
-0.26098910792499896
-0.26187765948603076
-0.2627488994851084
-0.2636023611593325
-0.26443757235847015
-0.265254055568318
-0.26605132793667274
-0.2668289013019567
-0.26758628222454595
-0.26832297202085154
-0.26903846680019644
-0.2697322575045379
-0.2704038299510778
-0.2710526648778068
-0.2716782379920238
-0.2722800200218746
-0.2728574767709487
-0.27341006917597516
-0.27393725336765584
-0.2744384807346712
-0.2749131979908968
-0.275360847245862
-0.2757808660784841
-0.27617268761410874
-0.2765357406048842
-0.2768694495134981
-0.2771732346003001
-0.27744651201383314
-0.2776886938847963
-0.277899188423455
-0.2780774000205172
-0.2782227293514877
-0.2783345734845143
-0.2784123259917324
-0.27845537706411677
-0.27846311362984255
-0.27843491947615817
-0.2783701753747669
-0.27826825921071435
-0.27812854611477256
-0.2779504085993111
-0.27773321669764195
-0.2774763381068206
-0.277179138333884
-0.27684098084550196
-0.27646122722101557
-0.2760392373088326
-0.2755743693861474
-0.2750659803219464
-0.27451342574326226
-0.2739160602046296
-0.2732732373606966
-0.27258431014194145
-0.2718486309334383
-0.27106555175661406
-0.27023442445393586
-0.26935460087646074
-0.26842543307417954
-0.2674462734890827
-0.26641647515086764
-0.26533539187521166
-0.26420237846452127
-0.2630167909110734
-0.26177798660245455
-0.260485324529203
-0.25913816549455526
-0.25773587232619394
-0.25627781008988965
-0.25476334630492875
-0.25319185116121373
-0.25156269773791656
-0.24987526222357015
-0.2481289241374695
-0.24632306655225988
-0.24445707631758135
-0.24253034428463563
-0.2405422655315425
-0.2384922395893466
-0.23637967066853172
-0.23420396788590278
-0.231964545491687
-0.22966082309670574
-0.22729222589946882
-0.2248581849130374
-0.2223581371914991
-0.2197915260559044
-0.2171578013194997
-0.2144564195121034
-0.21168684410346206
-0.20884854572542388
-0.20594100239276864
-0.20296369972253106
-0.19991613115164988
-0.19679779815278287
-0.19360821044812046
-0.19034688622103188
-0.18701335232538344
-0.1836071444923593
-0.1801278075346254
-0.17657489554767217
-0.1729479721081711
-0.16924661046918846
-0.16547039375209532
-0.1616189151350121
-0.15769177803763676
-0.15368859630229995
-0.14960899437109115
-0.14545260745891414
-0.14121908172231468
-0.1369080744239436
-0.13251925409251056
-0.12805230067808707
-0.1235069057026289
-0.11888277240558347
-0.11417961588445112
-0.10939716323018206
-0.10453515365728544
-0.09959333862853198
-0.09457148197414429
-0.08946936000536501
-0.08428676162229659
-0.07902348841592423
-0.07367935476421834
-0.06825418792223853
-0.06274782810615276
-0.05716012857109169
-0.05149095568277348
-0.045740188982829874
-0.039907721247769666
-0.03399345854153238
-0.027997320261580038
-0.02191923917848012
-0.015759161468953432
-0.009517046742343714
-0.003192868060494846
0.0032133880489869132
0.009701721586101998
0.016272119078456253
0.022924553587893085
0.029658984723757095
0.03647535866276874
0.04337360817549538
0.05035365265939917
0.05741539817841909
0.0645587375090648
0.07178355019296773
0.07908970259584547
0.08647704797282954
0.09394542654008771
0.10149466555267884
0.10912457938857432
0.1168349696387591
0.12462562520333526
0.13249632239354583
0.14044682503961273
0.14847688460430755
0.15658624030213927
0.16477461922405737
0.17304173646756302
0.18138729527210365
0.1898109871596341
0.19831249208022683
0.2068914785625915
0.215547603869378
0.22428051415713296
0.23308984464076027
0.24197521976234876
0.25093625336422964
0.25997254886610005
0.2690836994460812
0.2782692882255442
0.2875288884575546
0.29686206371878443
0.30626836810472435
0.31574734642803953
0.32529853441991463
0.3349214589342165
0.3446156381543132
0.35438058180239623
0.36421579135112214
0.37412076023743057
0.3840949740783566
0.39413791088867883
0.40424904130024614
0.4144278287828057
0.4246737298661745
0.43498619436360003
0.44536466559613275
0.45580858061785945
0.46631737044184246
0.47689046026659015
0.4875272697029249
0.4982272130010743
0.508989699277842
0.5198141327437125
0.5306999129297311
0.541646434914016
0.55265308954777
0.5637192636806336
0.5748443403852508
0.5860276991809172
0.5972687162561664
0.6085667646901691
0.6199212146728292
0.6313314337234314
0.6427967869077473
0.65431663705346
0.6658903449638046
0.6775172696293205
0.6891967684375944
0.7009281973809018
0.7127109112616503
0.7245442638955178
0.7364276083122003
0.7483602969536896
0.7603416818699748
0.7723711149121142
0.7844479479225752
0.7965715329227838
0.8087412222978143
0.820956368978146
0.8332163266184254
0.845520449773188
0.8578680940694671
0.8702586163762477
0.8826913749707257
0.8951657297013071
0.9076810421473339
0.9202366757754771
0.9328319960927715
0.9454663707962734
0.9581391699192962
0.970849765974207
0.9835975340917793
0.9963818521570593
1.0092021009417487
1.0220576642330965
1.0349479289592791
1.047872285311269
1.060830126861204
1.0738208506772298
1.086843857434852
1.0998985515247797
1.112984341157276
1.1261006384630414
1.1392468595906198
1.152422424800359
1.1656267585549471
1.1788592896065326
1.1921194510804622
1.2054066805556523
1.2187204201416302
1.2320601165522753
1.2454252211762662
1.258815190144303
1.2722294843931181
1.2856675697262994
1.299128916871993
1.3126130015374955
1.3261193044608013
1.3396473114591105
1.3531965134743789
1.3667664066159326
1.380356492200181
1.393966276787498
1.4075952722163105
1.4212429956344126
1.4349089695275992
1.4485927217456411
1.4622937855256373
1.4760116995128265
1.4897460077788913
1.5034962598377914
1.5172620106592023
1.5310428206796027
1.544838255811039
1.5586478874476544
1.5724712924700173
1.5863080532472817
1.600157757637273
1.6140199989845097
1.627894376116248
1.641780493336564
1.6556779604185574
1.6695863925947225
1.6835054105455056
1.6974346403861484
1.71137371365184
1.7253222672812163
1.7392799435982875
1.7532463902928321
1.7672212603992803
1.7812042122741787
1.7951949095722604
1.8091930212211564
1.8231982213948252
1.837210189485736
1.8512286100758246
1.8652531729063158
1.8792835728464252
1.8933195098609796
1.9073606889770267
1.9214068202494616
1.9354576187256998
1.949512804409466
1.9635721022237171
1.9776352419727585
1.9917019583035651
2.005771990666379
2.0198450832746087
2.0339209850640456
2.0479994496514764
2.0620802352926995
2.0761631048399725
2.0902478256989583
2.1043341697851803
2.11842191348001
2.132510837586251
2.14660072728333
2.1606913720821166
2.1747825657794277
2.1888741064122357
2.202965796211584
2.217057441556285
2.231148852926395
2.245239844856485
2.2593302358887706
2.2734198485260886
2.2875085091847707
2.30159604814741
2.3156822995155784
2.329767101162494
2.3438502946856525
2.3579317253594745
2.3720112420879618
2.386088697357386
2.400163947189042
2.414236851092079
2.428307272016409
2.4423750763057384
2.456440133650727
2.470502317042276
2.484561502724984
2.4986175701507793
2.512670401932723
2.526719883799026
2.5407659045472797
2.554808355998901
2.5688471329538216
2.582882133145439
2.5969132571958036
2.610940408571097
2.624963493537383
2.6389824211166566
2.652997103043181
2.66700745372014
2.681013390176621
2.695014832024891
2.709011701418036
2.7230039230079304
2.7369914239035387
2.7509741336295876
2.764951984085593
2.7789249095052377
2.7928928464161307
2.806855733599946
2.8208135120529114
2.8347661249467113
2.8487135175897635
2.862655637388874
2.876592433811296
2.890523858347196
2.9044498644724848
2.918370407612081
2.932285445103565
2.94619493616123
2.9600988418405483
2.9739971250030437
2.9878897502815716
3.0017766840460007
3.015657894369314
3.02953335099412
3.0434030252995634
3.0572668902686524
3.0711249204560085
3.0849770919559996
3.098823382371301
3.112663770781869
3.1264982377143022
3.140326765111622
3.154149336303468
3.167965935976673
3.1817765501462607
3.1955811661268387
3.209379772504386
3.223172359108442
3.236958916984696
3.2507394383679573
3.2645139166555257
3.2782823463809487
3.292044723188174
3.3058010438060594
3.3195513060232975
3.3332955086637015
3.3470336515618597
3.360765735539185
3.3744917623803175
3.388211734809899
3.401925656469714
3.415633531896199
3.429335366498288
3.44303116653564
3.456720939097204
3.4704046920801326
3.4840824341690446
3.4977541748156376
3.5114199242186164
3.5250796933039834
3.5387334937056516
3.5523813377463735
3.5660232384190125
3.579659209368136
3.5932892648719115
3.6069134198243287
3.620531689717734
3.6341440906256723
3.647750639186023
3.6613513525844477
3.6749462485381383
3.6885353452798415
3.702118661542189
3.7156962165423133
3.7292680299667356
3.74283412195654
3.7563945130928342
3.7699492243824584
3.7834982772439805
3.7970416934939615
3.8105794953334615
3.8241117053348215
3.837638346428702
3.8511594418913515
3.864675015332147
3.878185090681376
3.8916896921782356
3.905188844359101
3.9186825720460075
3.932170900335378
3.945653854586961
3.959131460413007
3.9726037436676656
3.9860707304365905
3.9995324470267626
4.012988919956542
4.026440175945894
4.03988624190685
4.053327144934166
4.066762912296159
4.080193571425761
4.093619149911766
4.107039675490249
4.1204551760361845
4.133865679555253
4.147271214175817
4.160671808141074
4.174067489801409
4.187458287606877
4.200844230099897
4.214225345908089
4.227601663737274
4.2409732123646515
4.254340020632116
4.2677021174397485
4.2810595317394435
4.294412292528695
4.3077604288445395
4.321103969757621
4.334442944366421
4.347777381791626
4.361107311170614
4.374432761652104
4.387753762390921
4.401070342542896
4.414382531259888
4.427690357684958
4.440993850947631
4.4542930401593
4.467587954408755
4.480878622757812
4.494165074237073
4.50744733784179
4.520725442527843
4.533999417207822
4.547269290747232
4.560535091960777
4.573796849608779
4.58705459239366
4.600308348956565
4.613558147874048
4.626804017654864
4.640045986736877
4.653284083484012
4.666518336183346
4.679748773042261
4.6929754221856825
4.706198311653416
4.719417469397559
4.732632923279992
4.745844701069951
4.759052830441691
4.772257338972203
4.785458254139018
4.7986556033181
4.811849413781778
4.825039712696775
4.8382265271223
4.851409884008203
4.864589810193196
4.877766332403148
4.890939477249437
4.90410927122736
4.917275740714612
4.93043891196983
4.94359881113117
4.956755464214972
4.969908897114466
4.983059135598529
4.996206205310502
5.009350131767064
5.022490940357144
5.03562865634089
5.048763304848701
5.061894910880273
5.075023499303724
5.088149094854757
5.101271722135857
5.11439140561553
5.1275081696276175
5.140622038370607
5.153733035907009
5.166841186162778
5.179946512926758
5.193049039850172
5.2061487904461465
5.219245788089285
5.232340056015255
5.245431617320423
5.258520494961529
5.2716067117553775
5.284690290378568
5.297771253367272
5.310849623117007
5.32392542188247
5.336998671777398
5.35006939477443
5.3631376127050245
5.376203347259402
5.389266619986493
5.40232745229393
5.415385865448062
5.4284418805739865
5.441495518655611
5.4545468005357325
5.467595746916145
5.480642378357765
5.4936867152807745
5.5067287779648
5.519768586549087
5.532806161032712
5.545841521274822
5.558874686994854
5.571905677772817
5.584934513049568
5.597961212127099
5.610985794168861
5.624008278200094
5.6370286831081575
5.650047027642898
5.663063330417026
5.676077609906501
5.689089884450923
5.702100172253962
5.715108491383774
5.728114859773444
5.741119295221434
5.754121815392055
5.767122437815921
5.780121179890461
5.793118058880387
5.806113091918216
5.819106296004777
5.832097688009742
5.845087284672146
5.858075102600942
5.871061158275546
5.8840454680463905
5.897028048135492
5.910008914637035
5.922988083517934
5.93596557061843
5.94894139165269
5.961915562209395
5.974888097752348
5.9878590136210965
6.000828325031535
6.013796047076536
6.026762194726575
6.03972678283036
6.052689826115473
6.065651339189007
6.078611336538208
6.091569832531132
6.104526841417291
6.117482377328309
6.1304364542785805
6.143389086165932
6.156340286772296
6.169290069764359
6.182238448694248
6.195185437000196
6.2081310480072185
6.221075294927778
6.234018190862483
6.246959748800747
6.259899981621476
6.272838902093756
6.285776522877528
6.29871285652427
6.311647915477693
6.324581712074417
6.337514258544657
6.350445567012913
6.363375649498652
6.3763045179169975
6.38923218407942
6.402158659694414
6.415083956368188
6.428008085605354
6.440931058809613
6.453852887284431
6.46677358223373
6.479693154762575
6.4926116158778475
6.505528976488932
6.518445247408401
6.5313604393526825
6.544274562942745
